.0002	9.01e-07
.0004	2.63e-06
.0006	5.18e-06
.0008	8.12e-06
.001	.0000113
.0012	.0000153
.0014	.0000193
.0016	.0000234
.0018	.0000279
.002	.0000324
.0022	.000037
.0024	.0000418
.0026	.0000476
.0028	.0000533
.003	.0000593
.0032	.0000654
.0034	.0000716
.0036	.0000779
.0038	.0000842
.004	.0000907
.0042	.0000974
.0044	.0001044
.0046	.0001115
.0048	.0001187
.005	.0001269
.0052	.0001351
.0054	.0001435
.0056	.0001518
.0058	.0001609
.006	.00017
.0062	.0001794
.0064	.0001892
.0066	.0001993
.0068	.0002099
.007	.0002209
.0072	.000232
.0074	.0002433
.0076	.0002546
.0078	.000266
.008	.0002775
.0082	.0002891
.0084	.0003011
.0086	.0003133
.0088	.0003255
.009	.0003384
.0092	.0003513
.0094	.0003643
.0096	.0003774
.0098	.0003905
.01	.0004038
.0102	.0004171
.0104	.0004306
.0106	.0004443
.0108	.000458
.011	.0004719
.0112	.0004858
.0114	.0004999
.0116	.0005141
.0118	.0005284
.012	.0005428
.0122	.0005576
.0124	.0005727
.0126	.000588
.0128	.0006034
.013	.0006189
.0132	.0006344
.0134	.0006499
.0136	.0006655
.0138	.0006813
.014	.0006971
.0142	.0007129
.0144	.0007288
.0146	.000745
.0148	.0007614
.015	.0007778
.0152	.0007943
.0154	.000811
.0156	.0008281
.0158	.0008453
.016	.0008628
.0162	.0008804
.0164	.0008981
.0166	.0009159
.0168	.0009337
.017	.0009516
.0172	.0009696
.0174	.0009877
.0176	.0010059
.0178	.0010242
.018	.0010428
.0182	.0010617
.0184	.0010809
.0186	.0011001
.0188	.0011194
.019	.0011388
.0192	.0011582
.0194	.0011777
.0196	.0011974
.0198	.0012172
.02	.001237
.0202	.001257
.0204	.0012773
.0206	.0012977
.0208	.0013182
.021	.0013386
.0212	.0013591
.0214	.0013796
.0216	.0014003
.0218	.0014211
.022	.0014419
.0222	.0014629
.0224	.001484
.0226	.0015051
.0228	.0015263
.023	.0015475
.0232	.0015689
.0234	.0015904
.0236	.001612
.0238	.0016337
.024	.0016555
.0242	.0016773
.0244	.0016995
.0246	.0017218
.0248	.0017442
.025	.0017668
.0252	.0017896
.0254	.0018125
.0256	.0018356
.0258	.0018588
.026	.0018821
.0262	.0019054
.0264	.0019291
.0266	.0019528
.0268	.0019767
.027	.0020005
.0272	.0020245
.0274	.0020486
.0276	.0020727
.0278	.002097
.028	.0021212
.0282	.0021456
.0284	.0021699
.0286	.0021943
.0288	.0022188
.029	.0022433
.0292	.0022679
.0294	.0022927
.0296	.0023182
.0298	.0023439
.03	.0023696
.0302	.0023953
.0304	.0024211
.0306	.0024471
.0308	.0024731
.031	.0024994
.0312	.0025259
.0314	.0025524
.0316	.0025792
.0318	.002606
.032	.002633
.0322	.0026601
.0324	.0026873
.0326	.0027145
.0328	.0027418
.033	.0027691
.0332	.0027965
.0334	.0028241
.0336	.0028518
.0338	.0028796
.034	.0029074
.0342	.0029352
.0344	.0029631
.0346	.0029912
.0348	.0030193
.035	.0030473
.0352	.0030755
.0354	.0031037
.0356	.0031319
.0358	.0031603
.036	.0031887
.0362	.0032173
.0364	.0032458
.0366	.0032744
.0368	.003303
.037	.0033317
.0372	.0033604
.0374	.0033891
.0376	.003418
.0378	.003447
.038	.0034762
.0382	.0035059
.0384	.0035355
.0386	.0035653
.0388	.0035953
.039	.0036253
.0392	.0036553
.0394	.0036854
.0396	.0037156
.0398	.0037458
.04	.003776
.0402	.0038064
.0404	.0038369
.0406	.0038674
.0408	.003898
.041	.003929
.0412	.00396
.0414	.0039912
.0416	.0040224
.0418	.0040537
.042	.004085
.0422	.0041166
.0424	.0041484
.0426	.0041804
.0428	.0042125
.043	.0042446
.0432	.0042767
.0434	.0043089
.0436	.0043413
.0438	.004374
.044	.0044069
.0442	.0044398
.0444	.0044727
.0446	.0045058
.0448	.0045389
.045	.004572
.0452	.0046051
.0454	.0046383
.0456	.0046716
.0458	.0047049
.046	.0047383
.0462	.0047718
.0464	.0048053
.0466	.0048388
.0468	.0048723
.047	.0049061
.0472	.0049399
.0474	.0049737
.0476	.0050076
.0478	.0050417
.048	.0050757
.0482	.0051098
.0484	.005144
.0486	.0051782
.0488	.0052124
.049	.0052467
.0492	.0052811
.0494	.0053156
.0496	.0053501
.0498	.0053847
.05	.0054193
.0502	.0054539
.0504	.0054886
.0506	.0055233
.0508	.0055581
.051	.005593
.0512	.0056279
.0514	.0056629
.0516	.0056982
.0518	.0057336
.052	.0057691
.0522	.0058045
.0524	.0058401
.0526	.0058756
.0528	.0059114
.053	.0059472
.0532	.0059831
.0534	.0060191
.0536	.0060551
.0538	.0060914
.054	.0061277
.0542	.006164
.0544	.0062004
.0546	.0062368
.0548	.0062733
.055	.0063097
.0552	.0063462
.0554	.0063827
.0556	.0064192
.0558	.0064559
.056	.0064928
.0562	.0065298
.0564	.0065668
.0566	.0066039
.0568	.006641
.057	.0066781
.0572	.0067152
.0574	.0067523
.0576	.0067895
.0578	.0068266
.058	.0068639
.0582	.0069013
.0584	.0069388
.0586	.0069762
.0588	.0070138
.059	.0070514
.0592	.0070892
.0594	.0071272
.0596	.0071653
.0598	.0072034
.06	.007242
.0602	.0072806
.0604	.0073193
.0606	.0073583
.0608	.0073973
.061	.0074366
.0612	.0074759
.0614	.0075152
.0616	.0075547
.0618	.0075943
.062	.0076339
.0622	.0076737
.0624	.0077137
.0626	.0077536
.0628	.0077936
.063	.0078336
.0632	.0078738
.0634	.0079139
.0636	.0079542
.0638	.0079944
.064	.0080347
.0642	.0080751
.0644	.0081154
.0646	.0081559
.0648	.0081964
.065	.0082372
.0652	.0082779
.0654	.0083187
.0656	.0083596
.0658	.0084004
.066	.0084413
.0662	.0084823
.0664	.0085233
.0666	.0085643
.0668	.0086054
.067	.0086466
.0672	.0086877
.0674	.0087289
.0676	.0087701
.0678	.0088114
.068	.0088528
.0682	.0088943
.0684	.0089358
.0686	.0089775
.0688	.0090194
.069	.0090615
.0692	.0091038
.0694	.0091461
.0696	.0091885
.0698	.0092309
.07	.0092735
.0702	.0093165
.0704	.0093596
.0706	.0094028
.0708	.0094462
.071	.0094898
.0712	.0095333
.0714	.009577
.0716	.0096207
.0718	.0096645
.072	.0097084
.0722	.0097524
.0724	.0097963
.0726	.0098403
.0728	.0098844
.073	.0099285
.0732	.0099727
.0734	.0100175
.0736	.0100622
.0738	.010107
.074	.0101517
.0742	.0101965
.0744	.0102413
.0746	.0102861
.0748	.0103309
.075	.0103758
.0752	.0104206
.0754	.0104655
.0756	.0105104
.0758	.0105554
.076	.0106004
.0762	.0106455
.0764	.0106906
.0766	.0107357
.0768	.0107809
.077	.010826
.0772	.0108712
.0774	.0109166
.0776	.010962
.0778	.0110074
.078	.0110528
.0782	.0110983
.0784	.0111437
.0786	.0111892
.0788	.0112348
.079	.0112803
.0792	.0113259
.0794	.0113716
.0796	.0114172
.0798	.011463
.08	.0115087
.0802	.0115545
.0804	.0116007
.0806	.0116468
.0808	.0116931
.081	.0117395
.0812	.0117859
.0814	.0118325
.0816	.0118791
.0818	.0119259
.082	.0119728
.0822	.0120197
.0824	.0120666
.0826	.0121136
.0828	.0121606
.083	.0122076
.0832	.0122548
.0834	.012302
.0836	.0123494
.0838	.012397
.084	.0124447
.0842	.0124924
.0844	.0125403
.0846	.0125884
.0848	.0126364
.085	.0126845
.0852	.0127327
.0854	.012781
.0856	.0128296
.0858	.0128781
.086	.0129267
.0862	.0129753
.0864	.0130239
.0866	.0130726
.0868	.0131214
.087	.0131702
.0872	.0132191
.0874	.013268
.0876	.013317
.0878	.0133661
.088	.0134151
.0882	.0134643
.0884	.0135134
.0886	.0135625
.0888	.0136119
.089	.0136614
.0892	.013711
.0894	.0137607
.0896	.0138106
.0898	.0138606
.09	.0139108
.0902	.0139609
.0904	.0140111
.0906	.0140613
.0908	.0141115
.091	.0141618
.0912	.0142121
.0914	.0142624
.0916	.0143128
.0918	.0143631
.092	.0144135
.0922	.014464
.0924	.0145144
.0926	.0145654
.0928	.0146164
.093	.0146675
.0932	.0147189
.0934	.0147703
.0936	.0148218
.0938	.0148732
.094	.0149247
.0942	.0149764
.0944	.0150282
.0946	.0150799
.0948	.0151317
.095	.0151835
.0952	.0152355
.0954	.0152874
.0956	.0153395
.0958	.0153918
.096	.0154442
.0962	.0154966
.0964	.0155491
.0966	.0156017
.0968	.0156542
.097	.0157068
.0972	.0157595
.0974	.0158123
.0976	.0158652
.0978	.0159181
.098	.015971
.0982	.0160239
.0984	.016077
.0986	.0161301
.0988	.0161833
.099	.0162365
.0992	.0162898
.0994	.0163432
.0996	.0163968
.0998	.0164503
.1	.016504
.1002	.0165577
.1004	.0166115
.1006	.0166654
.1008	.0167193
.101	.0167734
.1012	.0168274
.1014	.0168815
.1016	.0169356
.1018	.0169898
.102	.0170442
.1022	.0170986
.1024	.0171531
.1026	.0172075
.1028	.017262
.103	.0173166
.1032	.0173711
.1034	.0174259
.1036	.0174807
.1038	.0175356
.104	.0175905
.1042	.0176454
.1044	.0177004
.1046	.0177553
.1048	.0178103
.105	.0178654
.1052	.0179205
.1054	.0179757
.1056	.0180309
.1058	.0180862
.106	.0181415
.1062	.0181969
.1064	.0182522
.1066	.0183077
.1068	.0183633
.107	.0184189
.1072	.0184746
.1074	.0185302
.1076	.018586
.1078	.0186418
.108	.0186976
.1082	.0187534
.1084	.0188093
.1086	.0188651
.1088	.0189211
.109	.0189771
.1092	.0190331
.1094	.0190892
.1096	.0191453
.1098	.0192016
.11	.0192578
.1102	.0193141
.1104	.0193704
.1106	.0194269
.1108	.0194835
.111	.0195401
.1112	.0195969
.1114	.0196538
.1116	.0197109
.1118	.019768
.112	.0198252
.1122	.0198824
.1124	.0199396
.1126	.0199969
.1128	.0200543
.113	.0201116
.1132	.020169
.1134	.0202264
.1136	.0202838
.1138	.0203413
.114	.0203988
.1142	.0204563
.1144	.0205139
.1146	.0205715
.1148	.0206292
.115	.020687
.1152	.0207448
.1154	.0208026
.1156	.0208605
.1158	.0209184
.116	.0209764
.1162	.0210347
.1164	.021093
.1166	.0211514
.1168	.0212099
.117	.0212685
.1172	.0213273
.1174	.0213861
.1176	.0214449
.1178	.0215039
.118	.0215629
.1182	.021622
.1184	.0216812
.1186	.0217403
.1188	.0217995
.119	.0218587
.1192	.0219179
.1194	.0219772
.1196	.0220364
.1198	.0220958
.12	.0221553
.1202	.0222148
.1204	.0222744
.1206	.0223341
.1208	.0223937
.121	.0224535
.1212	.0225134
.1214	.0225733
.1216	.0226333
.1218	.0226933
.122	.0227533
.1222	.0228133
.1224	.0228734
.1226	.0229335
.1228	.0229935
.123	.0230537
.1232	.023114
.1234	.0231742
.1236	.0232344
.1238	.0232947
.124	.023355
.1242	.0234154
.1244	.0234758
.1246	.0235363
.1248	.0235968
.125	.0236573
.1252	.0237179
.1254	.0237785
.1256	.0238392
.1258	.0239
.126	.0239609
.1262	.0240218
.1264	.0240828
.1266	.0241438
.1268	.0242049
.127	.0242661
.1272	.0243275
.1274	.024389
.1276	.0244507
.1278	.0245124
.128	.0245742
.1282	.024636
.1284	.0246978
.1286	.0247597
.1288	.0248217
.129	.0248837
.1292	.0249458
.1294	.0250079
.1296	.0250702
.1298	.0251324
.13	.0251947
.1302	.0252571
.1304	.0253196
.1306	.025382
.1308	.0254445
.131	.0255071
.1312	.02557
.1314	.0256329
.1316	.0256958
.1318	.0257588
.132	.0258218
.1322	.0258848
.1324	.0259479
.1326	.026011
.1328	.0260741
.133	.0261374
.1332	.0262006
.1334	.0262639
.1336	.0263272
.1338	.0263905
.134	.0264538
.1342	.0265171
.1344	.0265808
.1346	.0266447
.1348	.0267086
.135	.0267725
.1352	.0268365
.1354	.0269005
.1356	.0269645
.1358	.0270286
.136	.0270927
.1362	.0271569
.1364	.0272211
.1366	.0272855
.1368	.0273499
.137	.0274143
.1372	.0274788
.1374	.0275434
.1376	.027608
.1378	.0276727
.138	.0277374
.1382	.0278023
.1384	.0278672
.1386	.0279321
.1388	.0279971
.139	.0280622
.1392	.0281272
.1394	.0281923
.1396	.0282575
.1398	.0283226
.14	.0283879
.1402	.0284532
.1404	.0285186
.1406	.028584
.1408	.0286496
.141	.0287153
.1412	.0287809
.1414	.0288465
.1416	.0289123
.1418	.0289781
.142	.0290441
.1422	.0291101
.1424	.0291762
.1426	.0292423
.1428	.0293085
.143	.0293747
.1432	.029441
.1434	.0295073
.1436	.0295735
.1438	.0296399
.144	.0297063
.1442	.0297727
.1444	.0298391
.1446	.0299055
.1448	.029972
.145	.0300384
.1452	.0301051
.1454	.0301717
.1456	.0302385
.1458	.0303053
.146	.0303721
.1462	.030439
.1464	.030506
.1466	.030573
.1468	.0306401
.147	.0307073
.1472	.0307745
.1474	.0308417
.1476	.030909
.1478	.0309764
.148	.0310437
.1482	.0311111
.1484	.0311786
.1486	.0312461
.1488	.0313137
.149	.0313813
.1492	.031449
.1494	.0315166
.1496	.0315843
.1498	.031652
.15	.0317198
.1502	.0317877
.1504	.0318556
.1506	.0319235
.1508	.0319916
.151	.0320596
.1512	.0321277
.1514	.0321959
.1516	.0322642
.1518	.0323324
.152	.0324006
.1522	.0324689
.1524	.0325372
.1526	.0326055
.1528	.0326738
.153	.0327421
.1532	.0328105
.1534	.0328789
.1536	.0329473
.1538	.0330159
.154	.0330845
.1542	.0331533
.1544	.0332221
.1546	.033291
.1548	.0333599
.155	.0334289
.1552	.0334979
.1554	.033567
.1556	.0336361
.1558	.0337053
.156	.0337745
.1562	.0338438
.1564	.0339132
.1566	.0339825
.1568	.0340519
.157	.0341213
.1572	.0341908
.1574	.0342604
.1576	.03433
.1578	.0343997
.158	.0344694
.1582	.0345391
.1584	.0346088
.1586	.0346786
.1588	.0347483
.159	.0348182
.1592	.034888
.1594	.034958
.1596	.0350281
.1598	.0350981
.16	.0351682
.1602	.0352385
.1604	.0353087
.1606	.0353789
.1608	.0354491
.161	.0355194
.1612	.0355897
.1614	.0356601
.1616	.0357306
.1618	.035801
.162	.0358714
.1622	.0359419
.1624	.0360124
.1626	.0360829
.1628	.0361534
.163	.0362239
.1632	.0362944
.1634	.036365
.1636	.0364357
.1638	.0365065
.164	.0365774
.1642	.0366484
.1644	.0367194
.1646	.0367905
.1648	.0368616
.165	.0369328
.1652	.0370039
.1654	.0370752
.1656	.0371465
.1658	.0372179
.166	.0372893
.1662	.0373608
.1664	.0374323
.1666	.0375039
.1668	.0375756
.167	.0376473
.1672	.037719
.1674	.0377909
.1676	.0378627
.1678	.0379346
.168	.0380066
.1682	.0380786
.1684	.0381507
.1686	.0382227
.1688	.0382948
.169	.0383669
.1692	.038439
.1694	.0385112
.1696	.0385835
.1698	.0386558
.17	.0387281
.1702	.0388005
.1704	.0388729
.1706	.0389454
.1708	.0390179
.171	.0390904
.1712	.0391628
.1714	.0392354
.1716	.0393079
.1718	.0393805
.172	.0394531
.1722	.0395257
.1724	.0395985
.1726	.0396713
.1728	.0397442
.173	.039817
.1732	.03989
.1734	.039963
.1736	.0400361
.1738	.0401093
.174	.0401825
.1742	.0402557
.1744	.040329
.1746	.0404023
.1748	.0404756
.175	.0405491
.1752	.0406225
.1754	.0406961
.1756	.0407697
.1758	.0408433
.176	.040917
.1762	.0409907
.1764	.0410643
.1766	.041138
.1768	.0412117
.177	.0412855
.1772	.0413593
.1774	.0414332
.1776	.0415073
.1778	.0415814
.178	.0416556
.1782	.0417298
.1784	.0418041
.1786	.0418784
.1788	.0419527
.179	.0420272
.1792	.0421017
.1794	.0421762
.1796	.0422507
.1798	.0423253
.18	.0424001
.1802	.0424748
.1804	.0425496
.1806	.0426245
.1808	.0426994
.181	.0427744
.1812	.0428494
.1814	.0429244
.1816	.0429995
.1818	.0430746
.182	.0431497
.1822	.0432248
.1824	.0432999
.1826	.0433751
.1828	.0434503
.183	.0435255
.1832	.0436008
.1834	.0436761
.1836	.0437514
.1838	.0438267
.184	.0439022
.1842	.0439777
.1844	.0440533
.1846	.044129
.1848	.0442047
.185	.0442804
.1852	.0443562
.1854	.0444319
.1856	.0445077
.1858	.0445835
.186	.0446594
.1862	.0447352
.1864	.0448112
.1866	.0448871
.1868	.044963
.187	.045039
.1872	.045115
.1874	.0451911
.1876	.0452671
.1878	.0453433
.188	.0454194
.1882	.0454956
.1884	.0455718
.1886	.0456481
.1888	.0457244
.189	.0458007
.1892	.045877
.1894	.0459534
.1896	.0460298
.1898	.0461064
.19	.0461829
.1902	.0462595
.1904	.0463362
.1906	.046413
.1908	.0464899
.191	.0465667
.1912	.0466437
.1914	.0467207
.1916	.0467977
.1918	.0468747
.192	.0469517
.1922	.0470288
.1924	.0471059
.1926	.0471831
.1928	.0472604
.193	.0473376
.1932	.0474149
.1934	.0474923
.1936	.0475696
.1938	.0476471
.194	.0477246
.1942	.0478021
.1944	.0478797
.1946	.0479574
.1948	.048035
.195	.0481127
.1952	.0481905
.1954	.0482684
.1956	.0483462
.1958	.0484241
.196	.0485021
.1962	.04858
.1964	.048658
.1966	.048736
.1968	.0488141
.197	.0488921
.1972	.0489702
.1974	.0490482
.1976	.0491264
.1978	.0492046
.198	.0492829
.1982	.0493613
.1984	.0494398
.1986	.0495183
.1988	.0495968
.199	.0496754
.1992	.049754
.1994	.0498326
.1996	.0499113
.1998	.0499901
.2	.0500689
.2002	.0501478
.2004	.0502267
.2006	.0503056
.2008	.0503846
.201	.0504635
.2012	.0505426
.2014	.0506216
.2016	.0507007
.2018	.0507799
.202	.0508592
.2022	.0509385
.2024	.0510178
.2026	.0510972
.2028	.0511765
.203	.0512559
.2032	.0513353
.2034	.0514147
.2036	.0514941
.2038	.0515736
.204	.0516531
.2042	.0517326
.2044	.0518122
.2046	.0518918
.2048	.0519715
.205	.0520512
.2052	.052131
.2054	.0522108
.2056	.0522906
.2058	.0523704
.206	.0524502
.2062	.0525301
.2064	.0526099
.2066	.0526898
.2068	.0527697
.207	.0528496
.2072	.0529296
.2074	.0530095
.2076	.0530895
.2078	.0531695
.208	.0532495
.2082	.0533296
.2084	.0534097
.2086	.0534899
.2088	.0535701
.209	.0536504
.2092	.0537307
.2094	.053811
.2096	.0538913
.2098	.0539717
.21	.0540521
.2102	.0541324
.2104	.0542129
.2106	.0542933
.2108	.0543739
.211	.0544544
.2112	.054535
.2114	.0546157
.2116	.0546963
.2118	.054777
.212	.0548577
.2122	.0549385
.2124	.0550194
.2126	.0551003
.2128	.0551813
.213	.0552622
.2132	.0553432
.2134	.0554242
.2136	.0555053
.2138	.0555863
.214	.0556674
.2142	.0557485
.2144	.0558298
.2146	.0559111
.2148	.0559925
.215	.0560739
.2152	.0561554
.2154	.0562369
.2156	.0563183
.2158	.0563999
.216	.0564815
.2162	.0565631
.2164	.0566447
.2166	.0567265
.2168	.0568082
.217	.05689
.2172	.0569718
.2174	.0570535
.2176	.0571353
.2178	.0572172
.218	.0572992
.2182	.0573813
.2184	.0574636
.2186	.0575459
.2188	.0576282
.219	.0577106
.2192	.057793
.2194	.0578755
.2196	.0579579
.2198	.0580404
.22	.0581229
.2202	.0582054
.2204	.0582879
.2206	.0583704
.2208	.0584529
.221	.0585355
.2212	.0586181
.2214	.0587007
.2216	.0587834
.2218	.058866
.222	.0589487
.2222	.0590314
.2224	.0591142
.2226	.0591969
.2228	.0592797
.223	.0593626
.2232	.0594455
.2234	.0595284
.2236	.0596114
.2238	.0596943
.224	.0597773
.2242	.0598603
.2244	.0599434
.2246	.0600266
.2248	.0601099
.225	.0601931
.2252	.0602764
.2254	.0603598
.2256	.0604432
.2258	.0605269
.226	.0606106
.2262	.0606945
.2264	.0607784
.2266	.0608623
.2268	.0609463
.227	.0610304
.2272	.0611144
.2274	.0611985
.2276	.0612827
.2278	.061367
.228	.0614512
.2282	.0615355
.2284	.0616198
.2286	.0617042
.2288	.0617887
.229	.0618732
.2292	.0619577
.2294	.0620423
.2296	.0621268
.2298	.0622114
.23	.062296
.2302	.0623807
.2304	.0624654
.2306	.0625501
.2308	.0626348
.231	.0627195
.2312	.0628043
.2314	.0628891
.2316	.0629738
.2318	.0630587
.232	.0631438
.2322	.0632289
.2324	.0633142
.2326	.0633994
.2328	.0634848
.233	.0635701
.2332	.0636555
.2334	.0637409
.2336	.0638264
.2338	.0639118
.234	.0639973
.2342	.0640829
.2344	.0641684
.2346	.0642539
.2348	.0643395
.235	.0644252
.2352	.0645108
.2354	.0645965
.2356	.0646822
.2358	.064768
.236	.0648538
.2362	.0649396
.2364	.0650256
.2366	.0651116
.2368	.0651976
.237	.0652837
.2372	.0653698
.2374	.0654559
.2376	.065542
.2378	.0656281
.238	.0657144
.2382	.0658006
.2384	.065887
.2386	.0659734
.2388	.0660598
.239	.0661462
.2392	.0662327
.2394	.0663192
.2396	.0664057
.2398	.0664923
.24	.0665788
.2402	.0666654
.2404	.066752
.2406	.0668386
.2408	.0669252
.241	.0670119
.2412	.0670986
.2414	.0671853
.2416	.0672721
.2418	.067359
.242	.0674459
.2422	.0675329
.2424	.0676198
.2426	.0677068
.2428	.0677939
.243	.0678809
.2432	.0679681
.2434	.0680552
.2436	.0681424
.2438	.0682297
.244	.0683172
.2442	.0684047
.2444	.0684923
.2446	.0685799
.2448	.0686676
.245	.0687553
.2452	.0688431
.2454	.068931
.2456	.0690188
.2458	.0691067
.246	.0691946
.2462	.0692824
.2464	.0693703
.2466	.0694582
.2468	.0695461
.247	.0696341
.2472	.069722
.2474	.06981
.2476	.069898
.2478	.069986
.248	.070074
.2482	.070162
.2484	.07025
.2486	.070338
.2488	.070426
.249	.070514
.2492	.0706021
.2494	.0706902
.2496	.0707783
.2498	.0708664
.25	.0709546
.2502	.0710428
.2504	.0711311
.2506	.0712194
.2508	.0713077
.251	.0713961
.2512	.0714844
.2514	.0715728
.2516	.0716614
.2518	.0717499
.252	.0718385
.2522	.0719271
.2524	.0720158
.2526	.0721045
.2528	.0721932
.253	.0722819
.2532	.0723707
.2534	.0724595
.2536	.0725485
.2538	.0726376
.254	.0727266
.2542	.0728157
.2544	.0729049
.2546	.072994
.2548	.0730832
.255	.0731724
.2552	.0732616
.2554	.0733508
.2556	.07344
.2558	.0735293
.256	.0736186
.2562	.0737079
.2564	.0737973
.2566	.0738867
.2568	.0739761
.257	.0740656
.2572	.074155
.2574	.0742447
.2576	.0743344
.2578	.0744241
.258	.0745139
.2582	.0746037
.2584	.0746935
.2586	.0747833
.2588	.0748732
.259	.074963
.2592	.075053
.2594	.075143
.2596	.075233
.2598	.0753229
.26	.075413
.2602	.0755031
.2604	.0755933
.2606	.0756835
.2608	.0757738
.261	.0758641
.2612	.0759545
.2614	.0760448
.2616	.0761351
.2618	.0762255
.262	.076316
.2622	.0764064
.2624	.0764969
.2626	.0765874
.2628	.0766779
.263	.0767684
.2632	.076859
.2634	.0769497
.2636	.0770404
.2638	.0771311
.264	.0772218
.2642	.0773127
.2644	.0774035
.2646	.0774943
.2648	.0775852
.265	.0776761
.2652	.077767
.2654	.077858
.2656	.077949
.2658	.07804
.266	.078131
.2662	.0782221
.2664	.0783132
.2666	.0784043
.2668	.0784955
.267	.0785867
.2672	.0786778
.2674	.078769
.2676	.0788603
.2678	.0789516
.268	.0790429
.2682	.0791343
.2684	.0792258
.2686	.0793173
.2688	.0794088
.269	.0795004
.2692	.079592
.2694	.0796836
.2696	.0797752
.2698	.0798668
.27	.0799585
.2702	.0800502
.2704	.0801419
.2706	.0802337
.2708	.0803255
.271	.0804173
.2712	.0805091
.2714	.080601
.2716	.0806929
.2718	.0807848
.272	.0808767
.2722	.0809687
.2724	.0810608
.2726	.0811529
.2728	.0812451
.273	.0813373
.2732	.0814296
.2734	.081522
.2736	.0816144
.2738	.0817068
.274	.0817993
.2742	.0818918
.2744	.0819843
.2746	.0820768
.2748	.0821693
.275	.0822619
.2752	.0823546
.2754	.0824473
.2756	.08254
.2758	.0826327
.276	.0827255
.2762	.0828183
.2764	.0829111
.2766	.083004
.2768	.0830969
.277	.0831898
.2772	.0832827
.2774	.0833757
.2776	.0834686
.2778	.0835617
.278	.0836547
.2782	.0837477
.2784	.0838408
.2786	.0839339
.2788	.084027
.279	.0841201
.2792	.0842132
.2794	.0843064
.2796	.0843996
.2798	.0844928
.28	.0845861
.2802	.0846794
.2804	.0847726
.2806	.084866
.2808	.0849593
.281	.0850527
.2812	.0851461
.2814	.0852395
.2816	.0853329
.2818	.0854263
.282	.0855198
.2822	.0856132
.2824	.0857067
.2826	.0858002
.2828	.0858938
.283	.0859874
.2832	.0860811
.2834	.0861748
.2836	.0862686
.2838	.0863623
.284	.0864562
.2842	.08655
.2844	.0866439
.2846	.0867378
.2848	.0868317
.285	.0869256
.2852	.0870196
.2854	.0871136
.2856	.0872076
.2858	.0873017
.286	.0873959
.2862	.08749
.2864	.0875842
.2866	.0876784
.2868	.0877727
.287	.0878669
.2872	.0879612
.2874	.0880555
.2876	.0881498
.2878	.0882441
.288	.0883384
.2882	.0884328
.2884	.0885271
.2886	.0886216
.2888	.0887161
.289	.0888105
.2892	.088905
.2894	.0889995
.2896	.0890941
.2898	.0891887
.29	.0892833
.2902	.089378
.2904	.0894727
.2906	.0895674
.2908	.0896621
.291	.089757
.2912	.0898519
.2914	.0899468
.2916	.0900418
.2918	.0901368
.292	.0902318
.2922	.0903268
.2924	.0904218
.2926	.0905168
.2928	.0906119
.293	.090707
.2932	.090802
.2934	.0908971
.2936	.0909922
.2938	.0910873
.294	.0911825
.2942	.0912777
.2944	.0913729
.2946	.0914681
.2948	.0915633
.295	.0916585
.2952	.0917538
.2954	.0918491
.2956	.0919444
.2958	.0920397
.296	.0921351
.2962	.0922305
.2964	.0923259
.2966	.0924213
.2968	.0925167
.297	.0926122
.2972	.0927076
.2974	.0928032
.2976	.0928988
.2978	.0929944
.298	.0930901
.2982	.0931858
.2984	.0932815
.2986	.0933772
.2988	.0934729
.299	.0935687
.2992	.0936645
.2994	.0937603
.2996	.0938561
.2998	.0939519
.3	.0940478
.3002	.0941438
.3004	.0942397
.3006	.0943358
.3008	.0944318
.301	.0945279
.3012	.094624
.3014	.0947201
.3016	.0948162
.3018	.0949124
.302	.0950086
.3022	.0951047
.3024	.0952009
.3026	.0952971
.3028	.0953934
.303	.0954896
.3032	.0955859
.3034	.0956822
.3036	.0957785
.3038	.0958748
.304	.0959712
.3042	.0960676
.3044	.096164
.3046	.0962604
.3048	.0963568
.305	.0964533
.3052	.0965498
.3054	.0966463
.3056	.0967428
.3058	.0968393
.306	.0969359
.3062	.0970325
.3064	.0971291
.3066	.0972257
.3068	.0973224
.307	.0974191
.3072	.0975158
.3074	.0976125
.3076	.0977093
.3078	.0978061
.308	.0979029
.3082	.0979998
.3084	.0980967
.3086	.0981936
.3088	.0982905
.309	.0983875
.3092	.0984844
.3094	.0985815
.3096	.0986786
.3098	.0987757
.31	.0988728
.3102	.0989701
.3104	.0990674
.3106	.0991647
.3108	.099262
.311	.0993594
.3112	.0994567
.3114	.0995541
.3116	.0996516
.3118	.0997491
.312	.0998467
.3122	.0999443
.3124	.1000419
.3126	.1001395
.3128	.1002372
.313	.1003348
.3132	.1004325
.3134	.1005302
.3136	.1006279
.3138	.1007257
.314	.1008234
.3142	.1009212
.3144	.101019
.3146	.1011168
.3148	.1012146
.315	.1013124
.3152	.1014102
.3154	.1015081
.3156	.101606
.3158	.1017039
.316	.1018018
.3162	.1018997
.3164	.1019977
.3166	.1020956
.3168	.1021936
.317	.1022916
.3172	.1023897
.3174	.1024878
.3176	.1025859
.3178	.1026841
.318	.1027824
.3182	.1028806
.3184	.1029789
.3186	.1030772
.3188	.1031756
.319	.1032739
.3192	.1033723
.3194	.1034707
.3196	.1035692
.3198	.1036676
.32	.1037661
.3202	.1038646
.3204	.1039632
.3206	.1040617
.3208	.1041603
.321	.1042589
.3212	.1043575
.3214	.1044563
.3216	.104555
.3218	.1046538
.322	.1047527
.3222	.1048515
.3224	.1049505
.3226	.1050495
.3228	.1051484
.323	.1052475
.3232	.1053465
.3234	.1054457
.3236	.1055449
.3238	.1056441
.324	.1057433
.3242	.1058426
.3244	.1059419
.3246	.1060412
.3248	.1061405
.325	.1062398
.3252	.1063392
.3254	.1064386
.3256	.106538
.3258	.1066375
.326	.1067369
.3262	.1068363
.3264	.1069358
.3266	.1070352
.3268	.1071347
.327	.1072342
.3272	.1073338
.3274	.1074333
.3276	.1075329
.3278	.1076325
.328	.1077321
.3282	.1078317
.3284	.1079314
.3286	.1080311
.3288	.1081308
.329	.1082306
.3292	.1083304
.3294	.1084303
.3296	.1085302
.3298	.1086302
.33	.1087303
.3302	.1088304
.3304	.1089305
.3306	.1090307
.3308	.1091309
.331	.1092311
.3312	.1093313
.3314	.1094315
.3316	.1095317
.3318	.1096319
.332	.1097322
.3322	.1098324
.3324	.1099327
.3326	.110033
.3328	.1101334
.333	.1102339
.3332	.1103343
.3334	.1104348
.3336	.1105353
.3338	.1106359
.334	.1107366
.3342	.1108374
.3344	.1109381
.3346	.1110389
.3348	.1111397
.335	.1112405
.3352	.1113413
.3354	.1114422
.3356	.111543
.3358	.1116439
.336	.1117448
.3362	.1118458
.3364	.1119469
.3366	.112048
.3368	.1121491
.337	.1122503
.3372	.1123514
.3374	.1124526
.3376	.1125538
.3378	.112655
.338	.1127562
.3382	.1128574
.3384	.1129586
.3386	.11306
.3388	.1131613
.339	.1132628
.3392	.1133642
.3394	.1134656
.3396	.1135671
.3398	.1136685
.34	.11377
.3402	.1138716
.3404	.1139732
.3406	.1140748
.3408	.1141764
.341	.114278
.3412	.1143797
.3414	.1144814
.3416	.1145831
.3418	.1146848
.342	.1147865
.3422	.1148882
.3424	.11499
.3426	.1150917
.3428	.1151935
.343	.1152954
.3432	.1153972
.3434	.115499
.3436	.1156009
.3438	.1157028
.344	.1158048
.3442	.1159067
.3444	.1160088
.3446	.1161109
.3448	.1162131
.345	.1163152
.3452	.1164174
.3454	.1165196
.3456	.1166218
.3458	.116724
.346	.1168263
.3462	.1169286
.3464	.1170309
.3466	.1171332
.3468	.1172356
.347	.117338
.3472	.1174405
.3474	.1175429
.3476	.1176454
.3478	.1177479
.348	.1178504
.3482	.1179529
.3484	.1180554
.3486	.118158
.3488	.1182606
.349	.1183632
.3492	.1184658
.3494	.1185685
.3496	.1186712
.3498	.118774
.35	.1188768
.3502	.1189796
.3504	.1190825
.3506	.1191854
.3508	.1192884
.351	.1193914
.3512	.1194944
.3514	.1195975
.3516	.1197008
.3518	.119804
.352	.1199073
.3522	.1200105
.3524	.1201138
.3526	.1202171
.3528	.1203204
.353	.1204237
.3532	.1205271
.3534	.1206305
.3536	.120734
.3538	.1208375
.354	.1209411
.3542	.1210447
.3544	.1211482
.3546	.1212518
.3548	.1213555
.355	.1214591
.3552	.1215628
.3554	.1216665
.3556	.1217702
.3558	.121874
.356	.1219779
.3562	.1220818
.3564	.1221858
.3566	.1222898
.3568	.1223938
.357	.1224979
.3572	.122602
.3574	.1227062
.3576	.1228103
.3578	.1229145
.358	.1230187
.3582	.1231229
.3584	.1232271
.3586	.1233314
.3588	.1234358
.359	.1235402
.3592	.1236446
.3594	.1237491
.3596	.1238537
.3598	.1239583
.36	.1240629
.3602	.1241676
.3604	.1242723
.3606	.124377
.3608	.1244817
.361	.1245865
.3612	.1246913
.3614	.1247963
.3616	.1249013
.3618	.1250063
.362	.1251113
.3622	.1252163
.3624	.1253213
.3626	.1254264
.3628	.1255314
.363	.1256366
.3632	.1257417
.3634	.1258468
.3636	.1259521
.3638	.1260573
.364	.1261626
.3642	.1262679
.3644	.1263733
.3646	.1264787
.3648	.1265841
.365	.1266895
.3652	.126795
.3654	.1269005
.3656	.127006
.3658	.1271116
.366	.1272171
.3662	.1273227
.3664	.1274283
.3666	.127534
.3668	.1276397
.367	.1277455
.3672	.1278513
.3674	.1279571
.3676	.128063
.3678	.1281689
.368	.1282748
.3682	.1283807
.3684	.1284867
.3686	.1285928
.3688	.1286988
.369	.1288048
.3692	.1289109
.3694	.1290169
.3696	.129123
.3698	.1292291
.37	.1293351
.3702	.1294413
.3704	.1295474
.3706	.1296536
.3708	.1297598
.371	.129866
.3712	.1299722
.3714	.1300785
.3716	.1301848
.3718	.1302911
.372	.1303975
.3722	.1305039
.3724	.1306103
.3726	.1307167
.3728	.1308232
.373	.1309296
.3732	.131036
.3734	.1311426
.3736	.1312492
.3738	.1313558
.374	.1314625
.3742	.1315691
.3744	.1316758
.3746	.1317826
.3748	.1318894
.375	.1319964
.3752	.1321033
.3754	.1322103
.3756	.1323172
.3758	.1324243
.376	.1325313
.3762	.1326384
.3764	.1327456
.3766	.1328528
.3768	.1329601
.377	.1330673
.3772	.1331746
.3774	.1332818
.3776	.1333891
.3778	.1334964
.378	.1336037
.3782	.1337111
.3784	.1338185
.3786	.1339259
.3788	.1340334
.379	.1341408
.3792	.1342483
.3794	.1343559
.3796	.1344634
.3798	.1345709
.38	.1346785
.3802	.134786
.3804	.1348937
.3806	.1350014
.3808	.1351091
.381	.1352168
.3812	.1353246
.3814	.1354324
.3816	.1355403
.3818	.1356483
.382	.1357562
.3822	.1358642
.3824	.1359722
.3826	.1360802
.3828	.1361882
.383	.1362963
.3832	.1364043
.3834	.1365124
.3836	.1366204
.3838	.1367285
.384	.1368366
.3842	.1369448
.3844	.1370529
.3846	.1371611
.3848	.1372693
.385	.1373775
.3852	.1374857
.3854	.137594
.3856	.1377022
.3858	.1378104
.386	.1379188
.3862	.1380271
.3864	.1381355
.3866	.138244
.3868	.1383524
.387	.1384609
.3872	.1385693
.3874	.1386778
.3876	.1387863
.3878	.1388948
.388	.1390034
.3882	.139112
.3884	.1392206
.3886	.1393293
.3888	.1394379
.389	.1395466
.3892	.1396554
.3894	.1397642
.3896	.139873
.3898	.1399819
.39	.1400907
.3902	.1401997
.3904	.1403086
.3906	.1404176
.3908	.1405266
.391	.1406356
.3912	.1407446
.3914	.1408536
.3916	.1409626
.3918	.1410717
.392	.1411808
.3922	.1412901
.3924	.1413993
.3926	.1415086
.3928	.1416179
.393	.1417273
.3932	.1418367
.3934	.1419461
.3936	.1420556
.3938	.1421652
.394	.1422748
.3942	.1423844
.3944	.1424941
.3946	.1426037
.3948	.1427135
.395	.1428232
.3952	.1429329
.3954	.1430427
.3956	.1431524
.3958	.1432623
.396	.1433721
.3962	.143482
.3964	.1435919
.3966	.1437019
.3968	.1438118
.397	.1439218
.3972	.1440318
.3974	.1441419
.3976	.1442519
.3978	.144362
.398	.1444721
.3982	.1445822
.3984	.1446924
.3986	.1448026
.3988	.1449128
.399	.1450231
.3992	.1451334
.3994	.1452437
.3996	.1453541
.3998	.1454645
.4	.1455749
.4002	.1456853
.4004	.1457958
.4006	.1459063
.4008	.1460169
.401	.1461274
.4012	.146238
.4014	.1463486
.4016	.1464592
.4018	.1465698
.402	.1466804
.4022	.1467911
.4024	.1469018
.4026	.1470126
.4028	.1471235
.403	.1472343
.4032	.1473452
.4034	.1474561
.4036	.147567
.4038	.1476779
.404	.1477889
.4042	.1478998
.4044	.1480108
.4046	.1481218
.4048	.1482328
.405	.1483441
.4052	.1484554
.4054	.1485667
.4056	.1486781
.4058	.1487895
.406	.1489009
.4062	.1490123
.4064	.1491237
.4066	.1492353
.4068	.1493469
.407	.1494585
.4072	.1495703
.4074	.149682
.4076	.1497937
.4078	.1499054
.408	.1500171
.4082	.1501289
.4084	.1502406
.4086	.1503524
.4088	.1504643
.409	.1505761
.4092	.150688
.4094	.1507999
.4096	.1509118
.4098	.1510237
.41	.1511357
.4102	.1512477
.4104	.1513597
.4106	.1514718
.4108	.1515838
.411	.1516958
.4112	.1518079
.4114	.1519201
.4116	.1520323
.4118	.1521445
.412	.1522568
.4122	.1523691
.4124	.1524814
.4126	.1525937
.4128	.1527061
.413	.1528186
.4132	.1529311
.4134	.1530436
.4136	.1531563
.4138	.1532689
.414	.1533816
.4142	.1534943
.4144	.153607
.4146	.1537197
.4148	.1538325
.415	.1539452
.4152	.154058
.4154	.1541708
.4156	.1542836
.4158	.1543964
.416	.1545092
.4162	.1546221
.4164	.1547349
.4166	.1548478
.4168	.1549607
.417	.1550736
.4172	.1551865
.4174	.1552995
.4176	.1554124
.4178	.1555254
.418	.1556385
.4182	.1557516
.4184	.1558647
.4186	.1559779
.4188	.1560912
.419	.1562044
.4192	.1563177
.4194	.156431
.4196	.1565444
.4198	.1566578
.42	.1567713
.4202	.1568848
.4204	.1569983
.4206	.1571119
.4208	.1572255
.421	.1573392
.4212	.1574529
.4214	.1575666
.4216	.1576803
.4218	.1577941
.422	.1579079
.4222	.1580217
.4224	.1581355
.4226	.1582494
.4228	.1583634
.423	.1584773
.4232	.1585913
.4234	.1587054
.4236	.1588194
.4238	.1589335
.424	.1590475
.4242	.1591617
.4244	.1592758
.4246	.15939
.4248	.1595042
.425	.1596186
.4252	.1597331
.4254	.1598477
.4256	.1599623
.4258	.160077
.426	.1601917
.4262	.1603065
.4264	.1604213
.4266	.1605361
.4268	.160651
.427	.1607658
.4272	.1608807
.4274	.1609956
.4276	.1611106
.4278	.1612256
.428	.1613406
.4282	.1614557
.4284	.1615707
.4286	.1616859
.4288	.161801
.429	.1619162
.4292	.1620313
.4294	.1621465
.4296	.1622617
.4298	.1623769
.43	.1624921
.4302	.1626074
.4304	.1627227
.4306	.1628381
.4308	.1629535
.431	.1630689
.4312	.1631843
.4314	.1632998
.4316	.1634152
.4318	.1635307
.432	.1636461
.4322	.1637617
.4324	.1638772
.4326	.1639927
.4328	.1641083
.433	.164224
.4332	.1643397
.4334	.1644555
.4336	.1645713
.4338	.1646871
.434	.164803
.4342	.164919
.4344	.1650349
.4346	.165151
.4348	.165267
.435	.165383
.4352	.1654993
.4354	.1656155
.4356	.1657317
.4358	.165848
.436	.1659643
.4362	.1660807
.4364	.1661972
.4366	.1663136
.4368	.1664301
.437	.1665466
.4372	.1666631
.4374	.1667796
.4376	.1668962
.4378	.1670128
.438	.1671294
.4382	.1672461
.4384	.1673627
.4386	.1674794
.4388	.1675961
.439	.1677129
.4392	.1678296
.4394	.1679464
.4396	.1680633
.4398	.1681802
.44	.1682971
.4402	.168414
.4404	.1685309
.4406	.1686479
.4408	.1687649
.441	.1688819
.4412	.168999
.4414	.1691162
.4416	.1692333
.4418	.1693505
.442	.1694678
.4422	.169585
.4424	.1697024
.4426	.1698197
.4428	.169937
.443	.1700545
.4432	.1701719
.4434	.1702895
.4436	.170407
.4438	.1705246
.444	.1706422
.4442	.1707598
.4444	.1708774
.4446	.1709951
.4448	.1711129
.445	.1712306
.4452	.1713483
.4454	.1714661
.4456	.1715839
.4458	.1717017
.446	.1718195
.4462	.1719374
.4464	.1720552
.4466	.1721731
.4468	.1722911
.447	.172409
.4472	.172527
.4474	.172645
.4476	.172763
.4478	.1728811
.448	.1729993
.4482	.1731175
.4484	.1732357
.4486	.1733541
.4488	.1734726
.449	.173591
.4492	.1737095
.4494	.173828
.4496	.1739465
.4498	.1740651
.45	.1741837
.4502	.1743023
.4504	.1744209
.4506	.1745396
.4508	.1746583
.451	.174777
.4512	.1748958
.4514	.1750146
.4516	.1751334
.4518	.1752523
.452	.1753712
.4522	.1754901
.4524	.1756091
.4526	.1757281
.4528	.175847
.453	.1759661
.4532	.1760851
.4534	.1762042
.4536	.1763234
.4538	.1764426
.454	.1765618
.4542	.176681
.4544	.1768002
.4546	.1769195
.4548	.1770388
.455	.1771581
.4552	.1772775
.4554	.1773969
.4556	.1775164
.4558	.177636
.456	.1777556
.4562	.1778752
.4564	.1779949
.4566	.1781145
.4568	.1782342
.457	.178354
.4572	.1784738
.4574	.1785937
.4576	.1787136
.4578	.1788336
.458	.1789537
.4582	.1790738
.4584	.1791939
.4586	.179314
.4588	.1794342
.459	.1795545
.4592	.1796747
.4594	.179795
.4596	.1799154
.4598	.1800358
.46	.1801562
.4602	.1802767
.4604	.1803972
.4606	.1805177
.4608	.1806382
.461	.1807587
.4612	.1808794
.4614	.1810001
.4616	.1811208
.4618	.1812416
.462	.1813625
.4622	.1814833
.4624	.1816042
.4626	.1817252
.4628	.1818461
.463	.181967
.4632	.182088
.4634	.182209
.4636	.18233
.4638	.1824511
.464	.1825722
.4642	.1826933
.4644	.1828145
.4646	.1829357
.4648	.183057
.465	.1831783
.4652	.1832996
.4654	.1834209
.4656	.1835422
.4658	.1836635
.466	.1837849
.4662	.1839063
.4664	.1840277
.4666	.1841492
.4668	.1842707
.467	.1843922
.4672	.1845138
.4674	.1846354
.4676	.1847571
.4678	.1848788
.468	.1850006
.4682	.1851223
.4684	.185244
.4686	.1853658
.4688	.1854877
.469	.1856095
.4692	.1857314
.4694	.1858533
.4696	.1859753
.4698	.1860973
.47	.1862193
.4702	.1863414
.4704	.1864635
.4706	.1865857
.4708	.1867078
.471	.18683
.4712	.1869522
.4714	.1870744
.4716	.1871966
.4718	.1873188
.472	.1874412
.4722	.1875635
.4724	.1876859
.4726	.1878083
.4728	.1879308
.473	.1880533
.4732	.1881758
.4734	.1882983
.4736	.1884209
.4738	.1885435
.474	.1886661
.4742	.1887887
.4744	.1889115
.4746	.1890343
.4748	.1891571
.475	.1892799
.4752	.1894027
.4754	.1895257
.4756	.1896486
.4758	.1897716
.476	.1898945
.4762	.1900175
.4764	.1901405
.4766	.1902635
.4768	.1903866
.477	.1905096
.4772	.1906327
.4774	.1907558
.4776	.1908789
.4778	.191002
.478	.1911251
.4782	.1912483
.4784	.1913714
.4786	.1914946
.4788	.1916178
.479	.191741
.4792	.1918643
.4794	.1919876
.4796	.1921109
.4798	.1922342
.48	.1923575
.4802	.1924808
.4804	.1926043
.4806	.1927278
.4808	.1928513
.481	.1929749
.4812	.1930985
.4814	.1932221
.4816	.1933457
.4818	.1934695
.482	.1935933
.4822	.1937171
.4824	.1938411
.4826	.193965
.4828	.1940891
.483	.1942131
.4832	.1943372
.4834	.1944614
.4836	.1945856
.4838	.1947099
.484	.1948342
.4842	.1949585
.4844	.1950828
.4846	.1952072
.4848	.1953316
.485	.1954561
.4852	.1955806
.4854	.1957051
.4856	.1958297
.4858	.1959544
.486	.1960792
.4862	.196204
.4864	.1963288
.4866	.1964537
.4868	.1965786
.487	.1967036
.4872	.1968285
.4874	.1969534
.4876	.1970784
.4878	.1972035
.488	.1973286
.4882	.1974537
.4884	.1975789
.4886	.1977041
.4888	.1978294
.489	.1979547
.4892	.1980799
.4894	.1982052
.4896	.1983305
.4898	.1984559
.49	.1985812
.4902	.1987065
.4904	.1988319
.4906	.1989572
.4908	.1990827
.491	.1992082
.4912	.1993337
.4914	.1994593
.4916	.1995848
.4918	.1997104
.492	.199836
.4922	.1999617
.4924	.2000873
.4926	.200213
.4928	.2003386
.493	.2004644
.4932	.2005901
.4934	.2007159
.4936	.2008417
.4938	.2009674
.494	.2010933
.4942	.2012191
.4944	.2013449
.4946	.2014708
.4948	.2015968
.495	.2017227
.4952	.2018486
.4954	.2019746
.4956	.2021005
.4958	.2022265
.496	.2023524
.4962	.2024784
.4964	.2026044
.4966	.2027305
.4968	.2028565
.497	.2029826
.4972	.2031087
.4974	.2032348
.4976	.2033609
.4978	.2034871
.498	.2036133
.4982	.2037395
.4984	.2038658
.4986	.2039921
.4988	.2041186
.499	.2042452
.4992	.2043718
.4994	.2044984
.4996	.2046251
.4998	.2047518
.5	.2048785
.5002	.2050053
.5004	.2051321
.5006	.2052589
.5008	.2053857
.501	.2055126
.5012	.2056395
.5014	.2057664
.5016	.2058933
.5018	.2060203
.502	.2061472
.5022	.2062742
.5024	.2064012
.5026	.2065283
.5028	.2066554
.503	.2067825
.5032	.2069097
.5034	.2070368
.5036	.207164
.5038	.2072911
.504	.2074183
.5042	.2075454
.5044	.2076726
.5046	.2077999
.5048	.2079272
.505	.2080545
.5052	.2081818
.5054	.2083091
.5056	.2084365
.5058	.2085638
.506	.2086912
.5062	.2088186
.5064	.208946
.5066	.2090734
.5068	.2092009
.507	.2093284
.5072	.2094558
.5074	.2095833
.5076	.2097109
.5078	.2098384
.508	.209966
.5082	.2100936
.5084	.2102212
.5086	.2103488
.5088	.2104765
.509	.2106042
.5092	.210732
.5094	.2108598
.5096	.2109876
.5098	.2111155
.51	.2112433
.5102	.2113713
.5104	.2114993
.5106	.2116274
.5108	.2117555
.511	.2118836
.5112	.2120118
.5114	.21214
.5116	.2122682
.5118	.2123965
.512	.2125249
.5122	.2126532
.5124	.2127815
.5126	.2129099
.5128	.2130383
.513	.2131667
.5132	.2132952
.5134	.2134237
.5136	.2135523
.5138	.2136808
.514	.2138095
.5142	.2139382
.5144	.2140669
.5146	.2141957
.5148	.2143245
.515	.2144533
.5152	.2145821
.5154	.2147111
.5156	.21484
.5158	.214969
.516	.2150981
.5162	.2152272
.5164	.2153563
.5166	.2154854
.5168	.2156145
.517	.2157437
.5172	.2158728
.5174	.216002
.5176	.2161312
.5178	.2162604
.518	.2163897
.5182	.216519
.5184	.2166482
.5186	.2167775
.5188	.2169069
.519	.2170363
.5192	.2171657
.5194	.2172952
.5196	.2174247
.5198	.2175543
.52	.2176839
.5202	.2178134
.5204	.2179431
.5206	.2180728
.5208	.2182025
.521	.2183322
.5212	.2184619
.5214	.2185917
.5216	.2187214
.5218	.2188512
.522	.218981
.5222	.2191108
.5224	.2192407
.5226	.2193705
.5228	.2195004
.523	.2196302
.5232	.2197602
.5234	.2198901
.5236	.2200201
.5238	.2201502
.524	.2202803
.5242	.2204104
.5244	.2205406
.5246	.2206708
.5248	.2208011
.525	.2209315
.5252	.2210619
.5254	.2211923
.5256	.2213227
.5258	.2214532
.526	.2215836
.5262	.2217142
.5264	.2218448
.5266	.2219755
.5268	.2221061
.527	.2222368
.5272	.2223675
.5274	.2224983
.5276	.2226291
.5278	.22276
.528	.222891
.5282	.2230221
.5284	.2231531
.5286	.2232842
.5288	.2234153
.529	.2235465
.5292	.2236777
.5294	.223809
.5296	.2239403
.5298	.2240717
.53	.224203
.5302	.2243345
.5304	.224466
.5306	.2245976
.5308	.2247292
.531	.2248609
.5312	.2249927
.5314	.2251246
.5316	.2252564
.5318	.2253883
.532	.2255202
.5322	.2256521
.5324	.225784
.5326	.225916
.5328	.226048
.533	.2261801
.5332	.2263122
.5334	.2264444
.5336	.2265766
.5338	.2267089
.534	.2268412
.5342	.2269736
.5344	.227106
.5346	.2272384
.5348	.2273709
.535	.2275035
.5352	.2276361
.5354	.2277687
.5356	.2279014
.5358	.228034
.536	.2281668
.5362	.2282995
.5364	.2284322
.5366	.2285649
.5368	.2286977
.537	.2288306
.5372	.2289634
.5374	.2290965
.5376	.2292295
.5378	.2293625
.538	.2294956
.5382	.2296287
.5384	.2297618
.5386	.2298949
.5388	.2300281
.539	.2301612
.5392	.2302945
.5394	.2304277
.5396	.2305609
.5398	.2306942
.54	.2308275
.5402	.2309609
.5404	.2310943
.5406	.2312277
.5408	.2313612
.541	.2314946
.5412	.2316282
.5414	.2317618
.5416	.2318955
.5418	.2320292
.542	.232163
.5422	.2322968
.5424	.2324307
.5426	.2325645
.5428	.2326985
.543	.2328325
.5432	.2329665
.5434	.2331005
.5436	.2332346
.5438	.2333687
.544	.2335028
.5442	.2336371
.5444	.2337713
.5446	.2339055
.5448	.2340399
.545	.2341743
.5452	.2343088
.5454	.2344434
.5456	.2345779
.5458	.2347126
.546	.2348472
.5462	.2349819
.5464	.2351166
.5466	.2352513
.5468	.235386
.547	.2355208
.5472	.2356556
.5474	.2357905
.5476	.2359254
.5478	.2360603
.548	.2361953
.5482	.2363302
.5484	.2364652
.5486	.2366002
.5488	.2367352
.549	.2368703
.5492	.2370054
.5494	.2371405
.5496	.2372756
.5498	.2374107
.55	.2375459
.5502	.2376812
.5504	.2378166
.5506	.2379521
.5508	.2380877
.551	.2382233
.5512	.238359
.5514	.2384948
.5516	.2386305
.5518	.2387663
.552	.2389021
.5522	.2390379
.5524	.2391737
.5526	.2393095
.5528	.2394453
.553	.2395812
.5532	.2397171
.5534	.239853
.5536	.2399889
.5538	.2401249
.554	.2402609
.5542	.240397
.5544	.2405331
.5546	.2406692
.5548	.2408053
.555	.2409415
.5552	.2410777
.5554	.241214
.5556	.2413503
.5558	.2414866
.556	.2416231
.5562	.2417596
.5564	.2418962
.5566	.2420327
.5568	.2421692
.557	.2423058
.5572	.2424424
.5574	.2425791
.5576	.2427157
.5578	.2428524
.558	.2429892
.5582	.2431259
.5584	.2432627
.5586	.2433995
.5588	.2435364
.559	.2436733
.5592	.2438103
.5594	.2439472
.5596	.2440843
.5598	.2442213
.56	.2443584
.5602	.2444955
.5604	.2446327
.5606	.2447699
.5608	.2449071
.561	.2450443
.5612	.2451816
.5614	.245319
.5616	.2454564
.5618	.245594
.562	.2457316
.5622	.2458692
.5624	.2460069
.5626	.2461446
.5628	.2462825
.563	.2464204
.5632	.2465584
.5634	.2466963
.5636	.2468344
.5638	.2469725
.564	.2471107
.5642	.2472489
.5644	.2473871
.5646	.2475254
.5648	.2476637
.565	.247802
.5652	.2479403
.5654	.2480787
.5656	.248217
.5658	.2483554
.566	.2484939
.5662	.2486324
.5664	.2487709
.5666	.2489095
.5668	.2490481
.567	.2491867
.5672	.2493254
.5674	.249464
.5676	.2496028
.5678	.2497415
.568	.2498803
.5682	.2500191
.5684	.250158
.5686	.2502968
.5688	.2504357
.569	.2505746
.5692	.2507136
.5694	.2508525
.5696	.2509915
.5698	.2511304
.57	.2512694
.5702	.2514084
.5704	.2515474
.5706	.2516864
.5708	.2518255
.571	.2519646
.5712	.2521038
.5714	.252243
.5716	.2523823
.5718	.2525217
.572	.2526611
.5722	.2528005
.5724	.2529401
.5726	.2530797
.5728	.2532192
.573	.2533589
.5732	.2534987
.5734	.2536385
.5736	.2537784
.5738	.2539182
.574	.2540581
.5742	.2541981
.5744	.2543382
.5746	.2544783
.5748	.2546184
.575	.2547585
.5752	.2548987
.5754	.2550389
.5756	.2551791
.5758	.2553193
.576	.2554596
.5762	.2555999
.5764	.2557403
.5766	.2558807
.5768	.2560211
.577	.2561615
.5772	.2563019
.5774	.2564424
.5776	.2565829
.5778	.2567234
.578	.256864
.5782	.2570047
.5784	.2571454
.5786	.2572863
.5788	.2574272
.579	.2575682
.5792	.2577091
.5794	.2578501
.5796	.257991
.5798	.258132
.58	.2582731
.5802	.2584142
.5804	.2585553
.5806	.2586964
.5808	.2588375
.581	.2589787
.5812	.2591199
.5814	.2592612
.5816	.2594025
.5818	.259544
.582	.2596853
.5822	.2598268
.5824	.2599683
.5826	.2601098
.5828	.2602513
.583	.260393
.5832	.2605346
.5834	.2606763
.5836	.260818
.5838	.2609597
.584	.2611014
.5842	.2612432
.5844	.261385
.5846	.2615268
.5848	.2616686
.585	.2618105
.5852	.2619524
.5854	.2620943
.5856	.2622363
.5858	.2623783
.586	.2625203
.5862	.2626623
.5864	.2628045
.5866	.2629467
.5868	.2630889
.587	.2632312
.5872	.2633735
.5874	.2635157
.5876	.2636581
.5878	.2638005
.588	.263943
.5882	.2640854
.5884	.264228
.5886	.2643705
.5888	.264513
.589	.2646557
.5892	.2647986
.5894	.2649415
.5896	.2650845
.5898	.2652274
.59	.2653705
.5902	.2655134
.5904	.2656565
.5906	.2657995
.5908	.2659425
.591	.2660856
.5912	.2662288
.5914	.2663719
.5916	.2665151
.5918	.2666583
.592	.2668015
.5922	.2669448
.5924	.2670881
.5926	.2672315
.5928	.2673748
.593	.2675183
.5932	.2676617
.5934	.2678051
.5936	.2679486
.5938	.2680921
.594	.2682356
.5942	.2683792
.5944	.2685228
.5946	.2686664
.5948	.2688102
.595	.2689539
.5952	.2690977
.5954	.2692417
.5956	.2693856
.5958	.2695296
.596	.2696735
.5962	.2698175
.5964	.2699615
.5966	.2701055
.5968	.2702496
.597	.2703936
.5972	.2705378
.5974	.2706819
.5976	.2708261
.5978	.2709704
.598	.2711146
.5982	.271259
.5984	.2714033
.5986	.2715476
.5988	.271692
.599	.2718364
.5992	.2719808
.5994	.2721253
.5996	.2722699
.5998	.2724146
.6	.2725593
.6002	.2727041
.6004	.2728489
.6006	.2729937
.6008	.2731386
.601	.2732834
.6012	.2734283
.6014	.2735732
.6016	.2737181
.6018	.2738632
.602	.2740083
.6022	.2741534
.6024	.2742986
.6026	.2744438
.6028	.274589
.603	.2747343
.6032	.2748795
.6034	.2750248
.6036	.2751702
.6038	.2753156
.604	.275461
.6042	.2756065
.6044	.275752
.6046	.2758975
.6048	.2760431
.605	.2761887
.6052	.2763343
.6054	.27648
.6056	.2766258
.6058	.2767715
.606	.2769173
.6062	.2770632
.6064	.277209
.6066	.2773549
.6068	.2775008
.607	.2776468
.6072	.2777928
.6074	.2779388
.6076	.2780849
.6078	.278231
.608	.2783772
.6082	.2785234
.6084	.2786696
.6086	.2788159
.6088	.2789621
.609	.2791084
.6092	.2792549
.6094	.2794014
.6096	.2795479
.6098	.2796944
.61	.2798409
.6102	.2799875
.6104	.280134
.6106	.2802806
.6108	.2804271
.611	.2805737
.6112	.2807203
.6114	.2808669
.6116	.2810135
.6118	.2811601
.612	.2813069
.6122	.2814536
.6124	.2816004
.6126	.2817473
.6128	.2818942
.613	.2820411
.6132	.282188
.6134	.282335
.6136	.2824819
.6138	.282629
.614	.2827761
.6142	.2829232
.6144	.2830703
.6146	.2832175
.6148	.2833646
.615	.2835119
.6152	.2836592
.6154	.2838067
.6156	.2839541
.6158	.2841016
.616	.2842491
.6162	.2843967
.6164	.2845442
.6166	.2846918
.6168	.2848395
.617	.2849872
.6172	.2851348
.6174	.2852826
.6176	.2854303
.6178	.2855782
.618	.2857261
.6182	.285874
.6184	.2860221
.6186	.2861702
.6188	.2863184
.619	.2864665
.6192	.2866147
.6194	.2867629
.6196	.2869112
.6198	.2870595
.62	.2872079
.6202	.2873563
.6204	.2875047
.6206	.2876532
.6208	.2878018
.621	.2879504
.6212	.2880991
.6214	.2882478
.6216	.2883965
.6218	.2885453
.622	.2886942
.6222	.2888431
.6224	.2889921
.6226	.289141
.6228	.28929
.623	.2894391
.6232	.2895881
.6234	.2897372
.6236	.2898863
.6238	.2900355
.624	.2901847
.6242	.290334
.6244	.2904832
.6246	.2906325
.6248	.2907819
.625	.2909312
.6252	.2910807
.6254	.2912304
.6256	.29138
.6258	.2915297
.626	.2916794
.6262	.2918293
.6264	.2919793
.6266	.2921293
.6268	.2922794
.627	.2924295
.6272	.2925797
.6274	.2927299
.6276	.2928802
.6278	.2930305
.628	.2931809
.6282	.2933313
.6284	.2934818
.6286	.2936323
.6288	.293783
.629	.2939337
.6292	.2940844
.6294	.2942353
.6296	.2943863
.6298	.2945373
.63	.2946883
.6302	.2948394
.6304	.2949906
.6306	.2951418
.6308	.295293
.631	.2954443
.6312	.2955957
.6314	.2957471
.6316	.2958986
.6318	.2960501
.632	.2962016
.6322	.2963532
.6324	.2965048
.6326	.2966564
.6328	.2968082
.633	.2969599
.6332	.2971118
.6334	.2972637
.6336	.2974156
.6338	.2975676
.634	.2977197
.6342	.2978718
.6344	.2980239
.6346	.298176
.6348	.2983281
.635	.2984803
.6352	.2986324
.6354	.2987847
.6356	.298937
.6358	.2990893
.636	.2992417
.6362	.2993941
.6364	.2995466
.6366	.299699
.6368	.2998515
.637	.3000041
.6372	.3001567
.6374	.3003092
.6376	.3004619
.6378	.3006145
.638	.3007672
.6382	.3009199
.6384	.3010727
.6386	.3012255
.6388	.3013785
.639	.3015314
.6392	.3016844
.6394	.3018374
.6396	.3019905
.6398	.3021436
.64	.3022967
.6402	.3024499
.6404	.3026032
.6406	.3027564
.6408	.3029097
.641	.303063
.6412	.3032163
.6414	.3033697
.6416	.303523
.6418	.3036763
.642	.3038297
.6422	.3039832
.6424	.3041368
.6426	.3042903
.6428	.3044439
.643	.3045976
.6432	.3047514
.6434	.3049051
.6436	.305059
.6438	.3052128
.644	.3053667
.6442	.3055206
.6444	.3056745
.6446	.3058286
.6448	.3059827
.645	.3061368
.6452	.306291
.6454	.3064452
.6456	.3065994
.6458	.3067536
.646	.306908
.6462	.3070623
.6464	.3072166
.6466	.307371
.6468	.3075254
.647	.3076798
.6472	.3078343
.6474	.3079889
.6476	.3081435
.6478	.3082981
.648	.3084528
.6482	.3086075
.6484	.3087624
.6486	.3089173
.6488	.3090721
.649	.3092271
.6492	.309382
.6494	.309537
.6496	.3096919
.6498	.309847
.65	.310002
.6502	.3101571
.6504	.3103122
.6506	.3104673
.6508	.3106225
.651	.3107777
.6512	.3109329
.6514	.3110882
.6516	.3112435
.6518	.3113989
.652	.3115543
.6522	.3117097
.6524	.3118651
.6526	.3120205
.6528	.3121761
.653	.3123316
.6532	.3124871
.6534	.3126427
.6536	.3127983
.6538	.3129539
.654	.3131096
.6542	.3132654
.6544	.3134211
.6546	.3135769
.6548	.3137327
.655	.3138885
.6552	.3140444
.6554	.3142003
.6556	.3143563
.6558	.3145122
.656	.3146682
.6562	.3148241
.6564	.3149801
.6566	.3151361
.6568	.3152922
.657	.3154483
.6572	.3156044
.6574	.3157606
.6576	.3159169
.6578	.3160731
.658	.3162294
.6582	.3163858
.6584	.3165424
.6586	.316699
.6588	.3168556
.659	.3170122
.6592	.3171688
.6594	.3173254
.6596	.3174822
.6598	.317639
.66	.3177958
.6602	.3179526
.6604	.3181095
.6606	.3182665
.6608	.3184234
.661	.3185804
.6612	.3187374
.6614	.3188946
.6616	.3190517
.6618	.319209
.662	.3193662
.6622	.3195235
.6624	.3196808
.6626	.3198382
.6628	.3199955
.663	.3201529
.6632	.3203103
.6634	.3204678
.6636	.3206253
.6638	.3207829
.664	.3209406
.6642	.3210982
.6644	.3212559
.6646	.3214135
.6648	.3215713
.665	.3217292
.6652	.321887
.6654	.322045
.6656	.3222029
.6658	.3223608
.666	.3225188
.6662	.3226769
.6664	.3228349
.6666	.322993
.6668	.3231511
.667	.3233092
.6672	.3234674
.6674	.3236256
.6676	.3237839
.6678	.3239422
.668	.3241006
.6682	.324259
.6684	.3244175
.6686	.324576
.6688	.3247345
.669	.3248932
.6692	.3250518
.6694	.3252107
.6696	.3253696
.6698	.3255285
.67	.3256875
.6702	.3258466
.6704	.3260058
.6706	.3261649
.6708	.3263241
.671	.3264834
.6712	.3266428
.6714	.3268022
.6716	.3269617
.6718	.3271214
.672	.3272811
.6722	.3274408
.6724	.3276006
.6726	.3277605
.6728	.3279206
.673	.3280807
.6732	.3282409
.6734	.328401
.6736	.3285613
.6738	.3287215
.674	.3288818
.6742	.3290422
.6744	.3292027
.6746	.3293632
.6748	.3295237
.675	.3296843
.6752	.3298448
.6754	.3300055
.6756	.3301662
.6758	.3303269
.676	.3304877
.6762	.3306485
.6764	.3308093
.6766	.3309704
.6768	.3311314
.677	.3312925
.6772	.3314536
.6774	.3316148
.6776	.3317762
.6778	.3319376
.678	.332099
.6782	.3322604
.6784	.3324219
.6786	.3325834
.6788	.332745
.679	.3329065
.6792	.3330682
.6794	.33323
.6796	.3333919
.6798	.3335538
.68	.3337159
.6802	.3338779
.6804	.33404
.6806	.3342021
.6808	.3343644
.681	.3345267
.6812	.334689
.6814	.3348513
.6816	.3350136
.6818	.3351761
.682	.3353388
.6822	.3355015
.6824	.3356643
.6826	.335827
.6828	.3359899
.683	.3361529
.6832	.3363159
.6834	.3364788
.6836	.3366418
.6838	.3368049
.684	.336968
.6842	.3371311
.6844	.3372942
.6846	.3374574
.6848	.3376206
.685	.3377838
.6852	.3379472
.6854	.3381106
.6856	.338274
.6858	.3384374
.686	.338601
.6862	.3387646
.6864	.3389283
.6866	.339092
.6868	.3392557
.687	.3394194
.6872	.3395831
.6874	.3397468
.6876	.3399107
.6878	.3400746
.688	.3402386
.6882	.3404028
.6884	.340567
.6886	.3407313
.6888	.3408957
.689	.3410601
.6892	.3412245
.6894	.341389
.6896	.3415535
.6898	.3417181
.69	.3418828
.6902	.3420475
.6904	.3422123
.6906	.3423771
.6908	.342542
.691	.3427069
.6912	.3428718
.6914	.3430368
.6916	.3432018
.6918	.3433668
.692	.3435319
.6922	.3436969
.6924	.343862
.6926	.3440271
.6928	.3441923
.693	.3443574
.6932	.3445227
.6934	.344688
.6936	.3448533
.6938	.3450186
.694	.345184
.6942	.3453494
.6944	.3455148
.6946	.3456803
.6948	.3458459
.695	.3460115
.6952	.3461773
.6954	.346343
.6956	.3465088
.6958	.3466748
.696	.3468409
.6962	.3470071
.6964	.3471733
.6966	.3473395
.6968	.3475059
.697	.3476722
.6972	.3478387
.6974	.3480052
.6976	.3481717
.6978	.3483383
.698	.3485051
.6982	.3486719
.6984	.3488387
.6986	.3490059
.6988	.3491731
.699	.3493403
.6992	.3495076
.6994	.3496752
.6996	.3498427
.6998	.3500103
.7	.3501779
.7002	.3503456
.7004	.3505133
.7006	.3506811
.7008	.3508489
.701	.3510167
.7012	.3511845
.7014	.3513524
.7016	.3515203
.7018	.3516882
.702	.3518562
.7022	.3520242
.7024	.3521923
.7026	.3523605
.7028	.3525286
.703	.3526968
.7032	.3528651
.7034	.3530333
.7036	.3532018
.7038	.3533705
.704	.3535391
.7042	.3537078
.7044	.3538767
.7046	.3540456
.7048	.3542146
.705	.3543836
.7052	.3545527
.7054	.3547217
.7056	.3548908
.7058	.35506
.706	.3552293
.7062	.3553986
.7064	.3555678
.7066	.3557373
.7068	.3559068
.707	.3560762
.7072	.356246
.7074	.3564157
.7076	.3565854
.7078	.3567553
.708	.3569253
.7082	.3570953
.7084	.3572653
.7086	.3574354
.7088	.3576055
.709	.3577757
.7092	.3579459
.7094	.3581161
.7096	.3582865
.7098	.3584568
.71	.3586271
.7102	.3587976
.7104	.358968
.7106	.3591385
.7108	.3593091
.711	.3594797
.7112	.3596503
.7114	.3598211
.7116	.3599919
.7118	.3601628
.712	.3603337
.7122	.3605048
.7124	.360676
.7126	.3608474
.7128	.3610187
.713	.3611902
.7132	.3613616
.7134	.3615331
.7136	.3617046
.7138	.3618762
.714	.3620478
.7142	.3622195
.7144	.3623911
.7146	.3625628
.7148	.3627346
.715	.3629064
.7152	.3630783
.7154	.3632502
.7156	.3634222
.7158	.3635941
.716	.3637662
.7162	.3639382
.7164	.3641106
.7166	.3642828
.7168	.3644553
.717	.3646277
.7172	.3648001
.7174	.3649726
.7176	.3651451
.7178	.3653177
.718	.3654903
.7182	.3656629
.7184	.3658357
.7186	.3660086
.7188	.3661817
.719	.3663548
.7192	.3665278
.7194	.3667009
.7196	.3668743
.7198	.3670477
.72	.3672212
.7202	.3673947
.7204	.3675681
.7206	.3677416
.7208	.3679152
.721	.3680888
.7212	.3682623
.7214	.3684359
.7216	.3686096
.7218	.3687833
.722	.368957
.7222	.3691308
.7224	.3693046
.7226	.3694786
.7228	.3696525
.723	.3698265
.7232	.3700006
.7234	.3701748
.7236	.370349
.7238	.3705232
.724	.3706976
.7242	.3708721
.7244	.3710466
.7246	.3712214
.7248	.3713962
.725	.371571
.7252	.371746
.7254	.3719211
.7256	.3720962
.7258	.3722714
.726	.3724467
.7262	.3726221
.7264	.3727975
.7266	.372973
.7268	.3731485
.727	.373324
.7272	.3734997
.7274	.3736753
.7276	.3738511
.7278	.3740269
.728	.3742028
.7282	.3743787
.7284	.3745547
.7286	.3747307
.7288	.3749067
.729	.3750828
.7292	.3752589
.7294	.3754351
.7296	.3756112
.7298	.3757874
.73	.3759636
.7302	.3761399
.7304	.3763162
.7306	.3764926
.7308	.3766693
.731	.3768461
.7312	.377023
.7314	.3771999
.7316	.3773769
.7318	.377554
.732	.377731
.7322	.3779081
.7324	.3780854
.7326	.3782628
.7328	.3784402
.733	.3786176
.7332	.3787952
.7334	.3789729
.7336	.3791506
.7338	.3793284
.734	.3795061
.7342	.379684
.7344	.379862
.7346	.3800402
.7348	.3802183
.735	.3803965
.7352	.3805747
.7354	.380753
.7356	.3809314
.7358	.3811098
.736	.3812882
.7362	.3814667
.7364	.3816453
.7366	.3818242
.7368	.382003
.737	.382182
.7372	.3823609
.7374	.3825398
.7376	.3827187
.7378	.3828978
.738	.3830769
.7382	.3832562
.7384	.3834357
.7386	.3836152
.7388	.3837948
.739	.3839747
.7392	.3841547
.7394	.3843351
.7396	.3845156
.7398	.3846962
.74	.3848769
.7402	.3850576
.7404	.3852385
.7406	.3854194
.7408	.3856005
.741	.3857817
.7412	.3859629
.7414	.3861442
.7416	.3863255
.7418	.386507
.742	.3866885
.7422	.38687
.7424	.3870517
.7426	.3872333
.7428	.3874153
.743	.3875974
.7432	.3877794
.7434	.3879616
.7436	.3881439
.7438	.3883262
.744	.3885084
.7442	.3886907
.7444	.388873
.7446	.3890553
.7448	.3892376
.745	.38942
.7452	.3896024
.7454	.3897849
.7456	.3899674
.7458	.39015
.746	.3903328
.7462	.3905156
.7464	.3906986
.7466	.3908817
.7468	.3910649
.747	.3912482
.7472	.3914318
.7474	.3916155
.7476	.3917993
.7478	.3919832
.748	.3921672
.7482	.3923512
.7484	.3925353
.7486	.3927194
.7488	.3929036
.749	.3930878
.7492	.3932721
.7494	.3934565
.7496	.3936411
.7498	.3938258
.75	.3940105
.7502	.3941953
.7504	.3943802
.7506	.3945651
.7508	.39475
.751	.3949351
.7512	.3951204
.7514	.3953057
.7516	.3954912
.7518	.3956768
.752	.3958625
.7522	.3960481
.7524	.3962338
.7526	.3964195
.7528	.3966053
.753	.3967912
.7532	.396977
.7534	.3971631
.7536	.3973493
.7538	.3975356
.754	.3977219
.7542	.3979083
.7544	.3980948
.7546	.3982813
.7548	.3984679
.755	.3986545
.7552	.3988412
.7554	.3990281
.7556	.399215
.7558	.399402
.756	.3995891
.7562	.3997764
.7564	.3999638
.7566	.4001513
.7568	.4003389
.757	.4005266
.7572	.4007144
.7574	.4009023
.7576	.4010903
.7578	.4012784
.758	.4014665
.7582	.4016548
.7584	.4018431
.7586	.4020314
.7588	.4022197
.759	.4024082
.7592	.4025967
.7594	.4027853
.7596	.4029739
.7598	.4031626
.76	.4033515
.7602	.4035403
.7604	.4037292
.7606	.4039183
.7608	.4041075
.761	.4042967
.7612	.404486
.7614	.4046755
.7616	.404865
.7618	.405055
.762	.4052449
.7622	.4054353
.7624	.4056257
.7626	.4058163
.7628	.4060069
.763	.4061976
.7632	.4063883
.7634	.4065789
.7636	.4067697
.7638	.4069606
.764	.4071516
.7642	.4073431
.7644	.4075349
.7646	.4077267
.7648	.4079187
.765	.4081108
.7652	.4083029
.7654	.408495
.7656	.4086873
.7658	.4088795
.766	.4090718
.7662	.4092642
.7664	.4094569
.7666	.4096499
.7668	.4098428
.767	.4100361
.7672	.4102294
.7674	.4104226
.7676	.4106159
.7678	.4108092
.768	.4110026
.7682	.4111961
.7684	.4113896
.7686	.4115831
.7688	.411777
.769	.411971
.7692	.4121654
.7694	.4123598
.7696	.4125544
.7698	.4127488
.77	.4129434
.7702	.4131379
.7704	.4133325
.7706	.4135271
.7708	.4137221
.771	.4139172
.7712	.4141125
.7714	.4143078
.7716	.4145033
.7718	.4146989
.772	.4148946
.7722	.4150904
.7724	.4152863
.7726	.4154823
.7728	.4156783
.773	.4158742
.7732	.4160703
.7734	.4162663
.7736	.4164625
.7738	.4166586
.774	.4168548
.7742	.4170511
.7744	.4172476
.7746	.4174442
.7748	.417641
.775	.4178379
.7752	.4180351
.7754	.4182324
.7756	.4184298
.7758	.4186274
.776	.4188249
.7762	.4190227
.7764	.4192205
.7766	.4194186
.7768	.4196167
.777	.4198149
.7772	.4200132
.7774	.4202114
.7776	.4204097
.7778	.4206082
.778	.4208067
.7782	.4210052
.7784	.4212046
.7786	.4214042
.7788	.4216038
.779	.4218036
.7792	.4220035
.7794	.4222035
.7796	.4224036
.7798	.4226037
.78	.4228041
.7802	.4230047
.7804	.4232056
.7806	.4234065
.7808	.4236076
.781	.4238086
.7812	.4240097
.7814	.4242108
.7816	.424412
.7818	.4246134
.782	.4248148
.7822	.4250164
.7824	.4252179
.7826	.4254196
.7828	.4256213
.783	.4258231
.7832	.4260251
.7834	.4262272
.7836	.4264293
.7838	.4266315
.784	.426834
.7842	.4270366
.7844	.4272394
.7846	.4274423
.7848	.4276452
.785	.4278482
.7852	.4280512
.7854	.4282543
.7856	.4284575
.7858	.4286608
.786	.4288641
.7862	.4290674
.7864	.4292708
.7866	.4294742
.7868	.4296783
.787	.4298824
.7872	.4300867
.7874	.4302911
.7876	.4304956
.7878	.4307001
.788	.4309054
.7882	.4311108
.7884	.4313164
.7886	.4315221
.7888	.4317277
.789	.4319336
.7892	.4321398
.7894	.432346
.7896	.4325523
.7898	.4327588
.79	.4329654
.7902	.433172
.7904	.4333786
.7906	.4335853
.7908	.4337921
.791	.4339989
.7912	.4342059
.7914	.4344129
.7916	.4346202
.7918	.4348275
.792	.4350349
.7922	.4352424
.7924	.4354501
.7926	.4356577
.7928	.4358657
.793	.4360736
.7932	.4362817
.7934	.4364899
.7936	.4366981
.7938	.4369066
.794	.4371152
.7942	.4373242
.7944	.4375331
.7946	.4377421
.7948	.4379512
.795	.4381602
.7952	.4383694
.7954	.4385787
.7956	.4387881
.7958	.4389975
.796	.4392069
.7962	.4394165
.7964	.4396262
.7966	.4398358
.7968	.4400459
.797	.4402561
.7972	.4404663
.7974	.4406765
.7976	.440887
.7978	.4410978
.798	.4413086
.7982	.4415196
.7984	.4417309
.7986	.4419425
.7988	.4421542
.799	.442366
.7992	.4425778
.7994	.4427896
.7996	.4430015
.7998	.4432135
.8	.4434256
.8002	.4436377
.8004	.4438499
.8006	.4440621
.8008	.4442743
.801	.4444865
.8012	.444699
.8014	.4449115
.8016	.4451241
.8018	.4453368
.802	.4455494
.8022	.4457622
.8024	.445975
.8026	.4461879
.8028	.4464009
.803	.446614
.8032	.4468271
.8034	.4470406
.8036	.4472542
.8038	.447468
.804	.4476823
.8042	.4478966
.8044	.4481108
.8046	.4483254
.8048	.44854
.805	.4487546
.8052	.4489698
.8054	.4491852
.8056	.4494008
.8058	.4496169
.806	.4498331
.8062	.4500495
.8064	.450266
.8066	.4504825
.8068	.4506991
.807	.4509157
.8072	.4511325
.8074	.4513493
.8076	.4515661
.8078	.451783
.808	.4519998
.8082	.452217
.8084	.4524341
.8086	.4526513
.8088	.4528688
.809	.4530863
.8092	.453304
.8094	.4535218
.8096	.4537397
.8098	.4539577
.81	.454176
.8102	.4543944
.8104	.4546128
.8106	.4548315
.8108	.4550501
.811	.455269
.8112	.4554889
.8114	.4557088
.8116	.4559289
.8118	.4561493
.812	.4563702
.8122	.4565913
.8124	.4568125
.8126	.4570339
.8128	.4572553
.813	.4574769
.8132	.4576984
.8134	.4579205
.8136	.4581426
.8138	.4583648
.814	.458587
.8142	.4588092
.8144	.4590315
.8146	.459254
.8148	.4594765
.815	.4596993
.8152	.4599225
.8154	.4601459
.8156	.4603693
.8158	.4605935
.816	.4608178
.8162	.4610422
.8164	.4612669
.8166	.4614917
.8168	.4617171
.817	.4619425
.8172	.4621679
.8174	.4623934
.8176	.4626192
.8178	.4628451
.818	.4630711
.8182	.463297
.8184	.4635232
.8186	.4637495
.8188	.4639758
.819	.4642021
.8192	.4644285
.8194	.4646549
.8196	.4648815
.8198	.4651083
.82	.4653353
.8202	.4655626
.8204	.4657899
.8206	.4660172
.8208	.4662446
.821	.4664723
.8212	.4667
.8214	.4669278
.8216	.4671558
.8218	.467384
.822	.4676121
.8222	.4678405
.8224	.468069
.8226	.468298
.8228	.4685273
.823	.4687567
.8232	.4689862
.8234	.4692158
.8236	.4694458
.8238	.4696763
.824	.4699072
.8242	.4701383
.8244	.4703694
.8246	.4706008
.8248	.4708322
.825	.4710637
.8252	.4712952
.8254	.4715268
.8256	.4717585
.8258	.4719904
.826	.4722223
.8262	.4724542
.8264	.4726866
.8266	.4729192
.8268	.4731524
.827	.4733856
.8272	.4736189
.8274	.4738527
.8276	.4740866
.8278	.4743206
.828	.4745548
.8282	.4747896
.8284	.4750245
.8286	.4752594
.8288	.4754945
.829	.4757296
.8292	.4759651
.8294	.4762006
.8296	.4764362
.8298	.4766727
.83	.4769095
.8302	.4771467
.8304	.4773838
.8306	.4776211
.8308	.4778591
.831	.4780972
.8312	.4783356
.8314	.478574
.8316	.4788125
.8318	.4790509
.832	.4792896
.8322	.4795282
.8324	.4797672
.8326	.4800061
.8328	.4802451
.833	.4804842
.8332	.4807234
.8334	.480963
.8336	.4812026
.8338	.4814427
.834	.4816829
.8342	.4819231
.8344	.4821633
.8346	.4824041
.8348	.4826451
.835	.4828866
.8352	.4831282
.8354	.4833699
.8356	.4836116
.8358	.4838539
.836	.4840962
.8362	.4843394
.8364	.4845827
.8366	.4848261
.8368	.4850695
.837	.485313
.8372	.485557
.8374	.4858013
.8376	.4860456
.8378	.4862902
.838	.4865349
.8382	.4867797
.8384	.4870246
.8386	.4872695
.8388	.4875146
.839	.4877597
.8392	.488005
.8394	.4882503
.8396	.4884957
.8398	.4887414
.84	.4889874
.8402	.4892333
.8404	.4894797
.8406	.4897264
.8408	.4899735
.841	.490221
.8412	.4904687
.8414	.4907164
.8416	.4909646
.8418	.4912131
.842	.4914617
.8422	.4917104
.8424	.4919592
.8426	.4922082
.8428	.4924572
.843	.4927068
.8432	.4929565
.8434	.4932063
.8436	.4934564
.8438	.4937067
.844	.493957
.8442	.4942075
.8444	.4944581
.8446	.494709
.8448	.49496
.845	.4952113
.8452	.4954627
.8454	.4957145
.8456	.4959663
.8458	.4962184
.846	.4964707
.8462	.4967232
.8464	.4969757
.8466	.4972284
.8468	.4974811
.847	.497734
.8472	.4979872
.8474	.4982406
.8476	.4984945
.8478	.4987485
.848	.4990025
.8482	.4992567
.8484	.4995109
.8486	.4997652
.8488	.5000196
.849	.5002739
.8492	.5005284
.8494	.500783
.8496	.5010378
.8498	.5012931
.85	.5015485
.8502	.5018042
.8504	.5020604
.8506	.5023167
.8508	.502573
.851	.5028297
.8512	.5030865
.8514	.5033441
.8516	.5036018
.8518	.5038598
.852	.5041177
.8522	.5043761
.8524	.5046346
.8526	.5048931
.8528	.5051517
.853	.5054106
.8532	.5056695
.8534	.5059285
.8536	.5061885
.8538	.5064486
.854	.5067089
.8542	.5069692
.8544	.5072303
.8546	.5074918
.8548	.5077537
.855	.5080165
.8552	.5082793
.8554	.5085424
.8556	.5088059
.8558	.5090697
.856	.5093336
.8562	.5095977
.8564	.5098619
.8566	.5101261
.8568	.5103905
.857	.5106551
.8572	.5109199
.8574	.511185
.8576	.5114504
.8578	.5117164
.858	.5119824
.8582	.5122485
.8584	.5125146
.8586	.512781
.8588	.5130476
.859	.5133147
.8592	.5135819
.8594	.5138502
.8596	.5141185
.8598	.5143871
.86	.5146561
.8602	.5149258
.8604	.5151954
.8606	.5154653
.8608	.5157356
.861	.5160061
.8612	.5162767
.8614	.5165473
.8616	.5168182
.8618	.5170895
.862	.5173608
.8622	.5176328
.8624	.5179054
.8626	.518178
.8628	.518451
.863	.5187246
.8632	.5189986
.8634	.5192729
.8636	.5195473
.8638	.5198228
.864	.5200984
.8642	.5203745
.8644	.5206507
.8646	.5209268
.8648	.5212031
.865	.5214795
.8652	.5217561
.8654	.5220329
.8656	.5223099
.8658	.5225869
.866	.5228649
.8662	.5231428
.8664	.5234209
.8666	.5236992
.8668	.5239795
.867	.5242605
.8672	.5245426
.8674	.5248249
.8676	.5251077
.8678	.5253906
.868	.5256737
.8682	.525957
.8684	.5262412
.8686	.5265259
.8688	.5268107
.869	.5270958
.8692	.5273811
.8694	.5276664
.8696	.527952
.8698	.5282378
.87	.5285243
.8702	.528811
.8704	.5290978
.8706	.5293847
.8708	.5296719
.871	.5299595
.8712	.5302471
.8714	.5305349
.8716	.5308233
.8718	.5311123
.872	.5314015
.8722	.531691
.8724	.5319809
.8726	.532271
.8728	.532562
.873	.5328538
.8732	.533146
.8734	.5334384
.8736	.5337308
.8738	.5340235
.874	.5343163
.8742	.5346091
.8744	.534902
.8746	.535195
.8748	.5354886
.875	.5357823
.8752	.5360767
.8754	.536372
.8756	.5366673
.8758	.5369632
.876	.5372595
.8762	.5375562
.8764	.5378529
.8766	.5381499
.8768	.538447
.877	.5387444
.8772	.5390424
.8774	.5393405
.8776	.5396386
.8778	.5399372
.878	.5402361
.8782	.5405349
.8784	.5408343
.8786	.5411344
.8788	.5414354
.879	.5417377
.8792	.5420401
.8794	.5423428
.8796	.5426459
.8798	.5429496
.88	.5432531
.8802	.5435568
.8804	.5438605
.8806	.5441647
.8808	.5444691
.881	.5447737
.8812	.5450783
.8814	.5453832
.8816	.5456882
.8818	.5459934
.882	.5463005
.8822	.5466076
.8824	.5469148
.8826	.5472227
.8828	.5475308
.883	.547839
.8832	.5481482
.8834	.5484586
.8836	.5487691
.8838	.5490798
.884	.5493912
.8842	.5497031
.8844	.5500152
.8846	.5503278
.8848	.5506408
.885	.5509537
.8852	.5512671
.8854	.5515805
.8856	.5518942
.8858	.5522079
.886	.5525218
.8862	.552836
.8864	.553151
.8866	.553466
.8868	.5537823
.887	.5540987
.8872	.5544161
.8874	.5547338
.8876	.5550514
.8878	.5553692
.888	.555687
.8882	.556005
.8884	.5563231
.8886	.5566416
.8888	.5569603
.889	.5572793
.8892	.5575989
.8894	.5579187
.8896	.5582384
.8898	.5585588
.89	.5588794
.8902	.5592003
.8904	.5595217
.8906	.5598434
.8908	.5601656
.891	.5604884
.8912	.5608119
.8914	.5611357
.8916	.5614595
.8918	.5617836
.892	.5621076
.8922	.5624323
.8924	.5627572
.8926	.5630823
.8928	.5634086
.893	.5637353
.8932	.5640627
.8934	.5643901
.8936	.564719
.8938	.5650488
.894	.5653801
.8942	.5657117
.8944	.5660434
.8946	.566376
.8948	.5667094
.895	.5670434
.8952	.567378
.8954	.5677133
.8956	.5680488
.8958	.5683855
.896	.5687228
.8962	.5690605
.8964	.5693985
.8966	.5697366
.8968	.5700755
.897	.5704145
.8972	.5707537
.8974	.5710931
.8976	.5714327
.8978	.5717723
.898	.572112
.8982	.5724521
.8984	.5727923
.8986	.5731327
.8988	.5734731
.899	.5738142
.8992	.5741566
.8994	.5744992
.8996	.5748426
.8998	.5751866
.9	.5755306
.9002	.5758753
.9004	.5762201
.9006	.5765653
.9008	.5769106
.901	.5772568
.9012	.5776044
.9014	.577953
.9016	.578302
.9018	.5786514
.902	.5790012
.9022	.5793511
.9024	.5797012
.9026	.5800517
.9028	.5804025
.903	.5807534
.9032	.5811053
.9034	.5814577
.9036	.5818109
.9038	.582164
.904	.5825173
.9042	.5828713
.9044	.5832264
.9046	.583582
.9048	.5839378
.905	.584294
.9052	.5846508
.9054	.5850076
.9056	.5853652
.9058	.5857231
.906	.5860814
.9062	.5864409
.9064	.5868007
.9066	.5871606
.9068	.5875211
.907	.587882
.9072	.5882433
.9074	.5886048
.9076	.5889664
.9078	.5893286
.908	.589691
.9082	.5900537
.9084	.5904167
.9086	.5907819
.9088	.5911478
.909	.5915139
.9092	.5918803
.9094	.5922468
.9096	.5926133
.9098	.5929807
.91	.5933487
.9102	.5937179
.9104	.5940874
.9106	.5944576
.9108	.5948278
.911	.5951982
.9112	.5955701
.9114	.5959424
.9116	.5963153
.9118	.5966882
.912	.5970615
.9122	.5974352
.9124	.5978091
.9126	.5981838
.9128	.598559
.913	.5989344
.9132	.5993106
.9134	.5996876
.9136	.6000655
.9138	.6004447
.914	.6008254
.9142	.6012064
.9144	.6015879
.9146	.6019702
.9148	.6023535
.915	.6027368
.9152	.6031203
.9154	.6035042
.9156	.6038884
.9158	.6042728
.916	.6046578
.9162	.6050456
.9164	.605434
.9166	.6058228
.9168	.6062119
.917	.6066015
.9172	.6069916
.9174	.6073824
.9176	.6077743
.9178	.6081664
.918	.6085598
.9182	.6089538
.9184	.6093487
.9186	.6097443
.9188	.6101399
.919	.6105359
.9192	.6109331
.9194	.6113304
.9196	.6117292
.9198	.612128
.92	.6125275
.9202	.6129286
.9204	.6133299
.9206	.6137314
.9208	.6141334
.921	.6145354
.9212	.6149378
.9214	.615342
.9216	.6157483
.9218	.6161547
.922	.6165643
.9222	.6169745
.9224	.6173849
.9226	.6177957
.9228	.6182067
.923	.6186186
.9232	.6190308
.9234	.6194441
.9236	.6198576
.9238	.6202711
.924	.6206856
.9242	.6211006
.9244	.6215162
.9246	.6219318
.9248	.622349
.925	.6227667
.9252	.6231857
.9254	.6236047
.9256	.6240273
.9258	.6244504
.926	.6248745
.9262	.6252996
.9264	.6257251
.9266	.6261517
.9268	.6265787
.927	.6270092
.9272	.6274399
.9274	.627871
.9276	.6283025
.9278	.6287349
.928	.6291681
.9282	.6296014
.9284	.6300354
.9286	.6304709
.9288	.6309065
.929	.6313435
.9292	.6317828
.9294	.6322232
.9296	.6326655
.9298	.6331085
.93	.6335518
.9302	.6339955
.9304	.6344401
.9306	.6348855
.9308	.6353309
.931	.6357782
.9312	.6362267
.9314	.6366757
.9316	.637125
.9318	.6375744
.932	.6380247
.9322	.6384757
.9324	.6389266
.9326	.6393815
.9328	.6398367
.933	.6402922
.9332	.6407503
.9334	.641209
.9336	.641668
.9338	.6421272
.934	.6425868
.9342	.643047
.9344	.6435082
.9346	.6439702
.9348	.6444334
.935	.6448981
.9352	.645364
.9354	.6458326
.9356	.6463012
.9358	.6467699
.936	.6472407
.9362	.6477143
.9364	.6481893
.9366	.6486646
.9368	.6491408
.937	.6496179
.9372	.6500977
.9374	.6505777
.9376	.6510582
.9378	.6515408
.938	.6520246
.9382	.6525083
.9384	.6529922
.9386	.6534784
.9388	.6539652
.939	.6544522
.9392	.6549406
.9394	.6554291
.9396	.6559184
.9398	.6564081
.94	.6568999
.9402	.6573931
.9404	.6578872
.9406	.6583836
.9408	.6588801
.941	.6593775
.9412	.6598756
.9414	.6603747
.9416	.6608742
.9418	.6613742
.942	.6618745
.9422	.6623763
.9424	.6628787
.9426	.6633826
.9428	.6638901
.943	.6643982
.9432	.6649063
.9434	.6654162
.9436	.6659264
.9438	.6664371
.944	.666949
.9442	.6674618
.9444	.6679749
.9446	.6684886
.9448	.6690022
.945	.6695164
.9452	.6700312
.9454	.6705464
.9456	.6710625
.9458	.6715801
.946	.6720981
.9462	.6726175
.9464	.6731372
.9466	.6736597
.9468	.6741827
.947	.6747062
.9472	.6752317
.9474	.6757573
.9476	.6762831
.9478	.676809
.948	.6773372
.9482	.6778681
.9484	.6783991
.9486	.6789322
.9488	.6794665
.949	.6800016
.9492	.6805385
.9494	.6810759
.9496	.6816145
.9498	.682154
.95	.6826955
.9502	.6832371
.9504	.6837792
.9506	.6843232
.9508	.6848679
.951	.6854182
.9512	.6859692
.9514	.6865236
.9516	.6870797
.9518	.6876377
.952	.6881971
.9522	.6887569
.9524	.6893178
.9526	.6898853
.9528	.690455
.953	.6910255
.9532	.691597
.9534	.6921755
.9536	.6927564
.9538	.6933373
.954	.6939189
.9542	.6945014
.9544	.6950856
.9546	.695671
.9548	.6962568
.955	.6968432
.9552	.6974356
.9554	.6980309
.9556	.6986264
.9558	.6992255
.956	.6998246
.9562	.7004253
.9564	.7010262
.9566	.7016302
.9568	.7022344
.957	.7028399
.9572	.7034479
.9574	.7040565
.9576	.7046677
.9578	.7052797
.958	.705892
.9582	.7065079
.9584	.7071239
.9586	.7077408
.9588	.7083579
.959	.7089751
.9592	.7095925
.9594	.7102106
.9596	.7108359
.9598	.7114643
.96	.7120959
.9602	.7127278
.9604	.7133599
.9606	.7139926
.9608	.7146264
.961	.7152638
.9612	.7159026
.9614	.7165483
.9616	.7171963
.9618	.7178462
.962	.7185038
.9622	.7191625
.9624	.7198223
.9626	.7204829
.9628	.7211453
.963	.7218103
.9632	.7224795
.9634	.723153
.9636	.7238266
.9638	.724502
.964	.7251807
.9642	.725864
.9644	.7265491
.9646	.7272353
.9648	.727922
.965	.7286158
.9652	.7293132
.9654	.7300171
.9656	.7307227
.9658	.7314286
.966	.7321355
.9662	.7328436
.9664	.7335525
.9666	.7342618
.9668	.7349731
.967	.7356856
.9672	.7364006
.9674	.737116
.9676	.737838
.9678	.738563
.968	.7392894
.9682	.7400219
.9684	.7407649
.9686	.7415082
.9688	.7422536
.969	.7429999
.9692	.7437474
.9694	.744495
.9696	.7452475
.9698	.7460045
.97	.746762
.9702	.7475209
.9704	.7482805
.9706	.7490425
.9708	.7498109
.971	.7505847
.9712	.751359
.9714	.7521343
.9716	.7529099
.9718	.7536865
.972	.7544637
.9722	.7552477
.9724	.7560319
.9726	.7568192
.9728	.7576141
.973	.7584101
.9732	.7592064
.9734	.7600105
.9736	.7608188
.9738	.7616289
.974	.7624399
.9742	.7632551
.9744	.7640717
.9746	.7648904
.9748	.7657319
.975	.7665768
.9752	.7674235
.9754	.7682702
.9756	.7691205
.9758	.7699856
.976	.7708552
.9762	.7717257
.9764	.7725975
.9766	.773481
.9768	.7743739
.977	.7752675
.9772	.7761702
.9774	.777079
.9776	.7779904
.9778	.7789019
.978	.7798176
.9782	.7807513
.9784	.7816856
.9786	.782635
.9788	.7835909
.979	.7845472
.9792	.7855071
.9794	.786467
.9796	.787428
.9798	.7883893
.98	.789364
.9802	.7903543
.9804	.7913567
.9806	.7923605
.9808	.7933725
.981	.7944105
.9812	.7954574
.9814	.7965065
.9816	.7975638
.9818	.798658
.982	.7997524
.9822	.8008479
.9824	.8019457
.9826	.8030487
.9828	.8041521
.983	.8052583
.9832	.8063682
.9834	.8074831
.9836	.8086084
.9838	.8097342
.984	.8108648
.9842	.8120081
.9844	.8131524
.9846	.8143327
.9848	.8155387
.985	.8167648
.9852	.8180254
.9854	.8192872
.9856	.820551
.9858	.8218278
.986	.82311
.9862	.8243951
.9864	.8256806
.9866	.8269716
.9868	.8282717
.987	.8295727
.9872	.830887
.9874	.8322368
.9876	.8335938
.9878	.8349692
.988	.8363465
.9882	.8377301
.9884	.8391242
.9886	.8405211
.9888	.8419199
.989	.8433527
.9892	.8447891
.9894	.846226
.9896	.8476883
.9898	.849158
.99	.8506771
.9902	.8522316
.9904	.8538157
.9906	.8554214
.9908	.8570278
.991	.8586532
.9912	.860297
.9914	.861961
.9916	.86363
.9918	.8653136
.992	.8670033
.9922	.8687258
.9924	.8704615
.9926	.8722097
.9928	.8739836
.993	.8757882
.9932	.8775988
.9934	.8794222
.9936	.8813444
.9938	.8832712
.994	.8852329
.9942	.8872076
.9944	.8892003
.9946	.8912594
.9948	.8933321
.995	.8955681
.9952	.8978124
.9954	.9000759
.9956	.9023621
.9958	.9046653
.996	.9069753
.9962	.9093977
.9964	.9119891
.9966	.9146575
.9968	.9174384
.997	.9202363
.9972	.9231386
.9974	.9260448
.9976	.9290305
.9978	.9320373
.998	.9350981
.9982	.9381969
.9984	.9414687
.9986	.9447426
.9988	.9487258
.999	.9537181
.9992	.9587236
.9994	.9650869
.9996	.9717141
.9998	.979207
1	1
