  0.99046409E+00  0.81256157E-02  0.19608953E-03  0.20115480E-03  0.14346446E-03  0.99172909E-04  0.14346446E-03  0.20115480E-03  0.19608953E-03  0.13850115E-03  0.91203619E-04
  0.91203619E-04  0.99200512E+00  0.66894725E-02  0.20115480E-03  0.14346446E-03  0.99172909E-04  0.14346446E-03  0.20115480E-03  0.19608953E-03  0.13850115E-03  0.91203619E-04
  0.91203619E-04  0.13850115E-03  0.99354718E+00  0.52100667E-02  0.14346446E-03  0.99172909E-04  0.14346446E-03  0.20115480E-03  0.19608953E-03  0.13850115E-03  0.91203619E-04
  0.91203619E-04  0.13850115E-03  0.19608953E-03  0.99500840E+00  0.36962238E-02  0.99172909E-04  0.14346446E-03  0.20115480E-03  0.19608953E-03  0.13850115E-03  0.91203619E-04
  0.91203619E-04  0.13850115E-03  0.19608953E-03  0.20115480E-03  0.99615596E+00  0.24466730E-02  0.14346446E-03  0.20115480E-03  0.19608953E-03  0.13850115E-03  0.91203619E-04
  0.91203619E-04  0.13850115E-03  0.19608953E-03  0.20115480E-03  0.14346446E-03  0.99845917E+00  0.14346446E-03  0.20115480E-03  0.19608953E-03  0.13850115E-03  0.91203619E-04
  0.91203619E-04  0.13850115E-03  0.19608953E-03  0.20115480E-03  0.14346446E-03  0.24466730E-02  0.99615596E+00  0.20115480E-03  0.19608953E-03  0.13850115E-03  0.91203619E-04
  0.91203619E-04  0.13850115E-03  0.19608953E-03  0.20115480E-03  0.14346446E-03  0.99172909E-04  0.36962238E-02  0.99500840E+00  0.19608953E-03  0.13850115E-03  0.91203619E-04
  0.91203619E-04  0.13850115E-03  0.19608953E-03  0.20115480E-03  0.14346446E-03  0.99172909E-04  0.14346446E-03  0.52100667E-02  0.99354718E+00  0.13850115E-03  0.91203619E-04
  0.91203619E-04  0.13850115E-03  0.19608953E-03  0.20115480E-03  0.14346446E-03  0.99172909E-04  0.14346446E-03  0.20115480E-03  0.66894725E-02  0.99200512E+00  0.91203619E-04
  0.91203619E-04  0.13850115E-03  0.19608953E-03  0.20115480E-03  0.14346446E-03  0.99172909E-04  0.14346446E-03  0.20115480E-03  0.19608953E-03  0.81256157E-02  0.99046409E+00
