  0.96240365E+00  0.31656482E-01  0.10880691E-02  0.80526971E-03  0.57471114E-03  0.39975649E-03  0.57471021E-03  0.80423828E-03  0.78193188E-03  0.55160142E-03  0.35958004E-03
  0.35958004E-03  0.96841283E+00  0.26183802E-01  0.99679696E-03  0.57516966E-03  0.39975676E-03  0.57471021E-03  0.80423828E-03  0.78193188E-03  0.55160142E-03  0.35958004E-03
  0.35958004E-03  0.55160142E-03  0.97445036E+00  0.20486116E-01  0.68035922E-03  0.39992286E-03  0.57471021E-03  0.80423828E-03  0.78193188E-03  0.55160142E-03  0.35958004E-03
  0.35958004E-03  0.55160142E-03  0.78193188E-03  0.98019443E+00  0.14590958E-01  0.44943682E-03  0.57471021E-03  0.80423828E-03  0.78193188E-03  0.55160142E-03  0.35958004E-03
  0.35958004E-03  0.55160142E-03  0.78193188E-03  0.80423828E-03  0.98471986E+00  0.97107291E-02  0.57471021E-03  0.80423828E-03  0.78193188E-03  0.55160142E-03  0.35958004E-03
  0.35958004E-03  0.55160142E-03  0.78193188E-03  0.80423828E-03  0.57471021E-03  0.99385588E+00  0.57471021E-03  0.80423828E-03  0.78193188E-03  0.55160142E-03  0.35958004E-03
  0.35958004E-03  0.55160142E-03  0.78193188E-03  0.80423828E-03  0.57471021E-03  0.97107291E-02  0.98471986E+00  0.80423828E-03  0.78193188E-03  0.55160142E-03  0.35958004E-03
  0.35958004E-03  0.55160142E-03  0.78193188E-03  0.80423828E-03  0.57471021E-03  0.44943682E-03  0.14590958E-01  0.98019443E+00  0.78193188E-03  0.55160142E-03  0.35958004E-03
  0.35958004E-03  0.55160142E-03  0.78193188E-03  0.80423828E-03  0.57471021E-03  0.39992286E-03  0.68035922E-03  0.20486116E-01  0.97445036E+00  0.55160142E-03  0.35958004E-03
  0.35958004E-03  0.55160142E-03  0.78193188E-03  0.80423828E-03  0.57471021E-03  0.39975676E-03  0.57516966E-03  0.99679696E-03  0.26183802E-01  0.96841283E+00  0.35958004E-03
  0.35958004E-03  0.55160142E-03  0.78193188E-03  0.80423828E-03  0.57471021E-03  0.39975649E-03  0.57471114E-03  0.80526971E-03  0.10880691E-02  0.31656482E-01  0.96240365E+00
