0.000263255211653243
0.000731719224595197
0.00153413310963436
0.00894710905618784
0.00255626621605335
0.00327734372058172
0.0248685361561744
0.0110628050694744
0.00327734372058172
0.0521397333274375
0.00255626621605335
0.000263255211653243
0.0868784045455964
0.00153413310963436
0.111385260699499
0.000731719224595197
0.375985432361188
0.000731719224595197
0.111385260699499
0.00153413310963436
0.0868784045455964
0.000263255211653243
0.00255626621605335
0.0521397333274375
0.00327734372058172
0.0110628050694744
0.0248685361561744
0.00327734372058172
0.00255626621605335
0.00894710905618784
0.00153413310963436
0.000731719224595197
0.000263255211653243
