  0.39050622E+00  0.12844977E-01  0.44149642E-03  0.55555118E+00  0.32674733E-03  0.23319557E-03  0.18273825E-01  0.16220574E-03  0.23319520E-03  0.62809206E-03  0.32632882E-03  0.16346257E-01  0.46484501E-03  0.31727775E-03  0.33175419E-03  0.53767978E-03  0.23076096E-03  0.22381855E-03  0.33175366E-03  0.18480663E-04  0.46424961E-03  0.14590369E-03  0.13677364E-04  0.45137316E-03  0.97613675E-05  0.67897937E-05  0.31841402E-03  0.97613519E-05  0.13659846E-04  0.20756895E-03  0.13280975E-04  0.93688531E-05  0.61074037E-05
  0.14590369E-03  0.39294451E+00  0.10624375E-01  0.20756895E-03  0.40446170E-03  0.23338162E-03  0.55902000E+00  0.16220585E-03  0.23319520E-03  0.15114699E-01  0.32632882E-03  0.61074037E-05  0.57540485E-03  0.31727775E-03  0.33201888E-03  0.16448322E-01  0.23076112E-03  0.22381855E-03  0.33175366E-03  0.44472726E-03  0.46424961E-03  0.14590369E-03  0.16930421E-04  0.45137316E-03  0.97691554E-05  0.67897983E-05  0.31841402E-03  0.97613519E-05  0.13659846E-04  0.20756895E-03  0.13280975E-04  0.93688531E-05  0.61074037E-05
  0.14590369E-03  0.22381855E-03  0.39539431E+00  0.20756895E-03  0.83124744E-02  0.27606348E-03  0.31841402E-03  0.16227325E-03  0.23319520E-03  0.56250518E+00  0.32632882E-03  0.61074037E-05  0.11825689E-01  0.31727775E-03  0.39273995E-03  0.93688531E-05  0.23085700E-03  0.22381855E-03  0.33175366E-03  0.16550868E-01  0.46424961E-03  0.14590369E-03  0.34795308E-03  0.45137316E-03  0.11555782E-04  0.67926194E-05  0.31841402E-03  0.97613519E-05  0.13659846E-04  0.20756895E-03  0.13280975E-04  0.93688531E-05  0.61074037E-05
  0.16346257E-01  0.53767978E-03  0.18480663E-04  0.92971114E+00  0.13677364E-04  0.97613675E-05  0.30581123E-01  0.67897937E-05  0.97613519E-05  0.10511078E-02  0.13659846E-04  0.16346257E-01  0.77791498E-03  0.13280975E-04  0.55518840E-03  0.53767978E-03  0.38617690E-03  0.93688531E-05  0.55518751E-03  0.18480663E-04  0.77691859E-03  0.61074037E-05  0.13677364E-04  0.75536993E-03  0.97613675E-05  0.67897937E-05  0.53286372E-03  0.97613519E-05  0.13659846E-04  0.34736523E-03  0.13280975E-04  0.93688531E-05  0.61074037E-05
  0.14590369E-03  0.22381855E-03  0.31727775E-03  0.20756895E-03  0.39772503E+00  0.59204471E-02  0.31841402E-03  0.18236410E-03  0.23319520E-03  0.45137316E-03  0.32632882E-03  0.61074037E-05  0.56582097E+00  0.31727775E-03  0.84226863E-02  0.93688531E-05  0.25943912E-03  0.22381855E-03  0.33175366E-03  0.13280975E-04  0.46424961E-03  0.14590369E-03  0.16648430E-01  0.45137316E-03  0.24782486E-03  0.76336053E-05  0.31841402E-03  0.97613519E-05  0.13659846E-04  0.20756895E-03  0.13280975E-04  0.93688531E-05  0.61074037E-05
  0.14590369E-03  0.22381855E-03  0.31727775E-03  0.20756895E-03  0.32632882E-03  0.39956127E+00  0.31841402E-03  0.39402387E-02  0.23319520E-03  0.45137316E-03  0.32632882E-03  0.61074037E-05  0.46424961E-03  0.31727775E-03  0.56843329E+00  0.93688531E-05  0.56055554E-02  0.22381855E-03  0.33175366E-03  0.13280975E-04  0.46424961E-03  0.14590369E-03  0.13659846E-04  0.45137316E-03  0.16725294E-01  0.16493503E-03  0.31841402E-03  0.97613519E-05  0.13659846E-04  0.20756895E-03  0.13280975E-04  0.93688531E-05  0.61074037E-05
  0.61074037E-05  0.16448322E-01  0.44472726E-03  0.34736523E-03  0.16930421E-04  0.97691554E-05  0.93551619E+00  0.67897983E-05  0.97613519E-05  0.25294347E-01  0.13659846E-04  0.61074037E-05  0.96293612E-03  0.13280975E-04  0.55563134E-03  0.16448322E-01  0.38617717E-03  0.93688531E-05  0.55518751E-03  0.44472726E-03  0.77691859E-03  0.61074037E-05  0.16930421E-04  0.75536993E-03  0.97691554E-05  0.67897983E-05  0.53286372E-03  0.97613519E-05  0.13659846E-04  0.34736523E-03  0.13280975E-04  0.93688531E-05  0.61074037E-05
  0.14590369E-03  0.22381855E-03  0.31727775E-03  0.20756895E-03  0.32632882E-03  0.23319520E-03  0.31841402E-03  0.40326832E+00  0.23319520E-03  0.45137316E-03  0.32632882E-03  0.61074037E-05  0.46424961E-03  0.31727775E-03  0.33175366E-03  0.93688531E-05  0.57370709E+00  0.22381855E-03  0.33175366E-03  0.13280975E-04  0.46424961E-03  0.14590369E-03  0.13659846E-04  0.45137316E-03  0.97613519E-05  0.16880467E-01  0.31841402E-03  0.97613519E-05  0.13659846E-04  0.20756895E-03  0.13280975E-04  0.93688531E-05  0.61074037E-05
  0.14590369E-03  0.22381855E-03  0.31727775E-03  0.20756895E-03  0.32632882E-03  0.23319520E-03  0.31841402E-03  0.39402387E-02  0.39956127E+00  0.45137316E-03  0.32632882E-03  0.61074037E-05  0.46424961E-03  0.31727775E-03  0.33175366E-03  0.93688531E-05  0.56055554E-02  0.22381855E-03  0.56843329E+00  0.13280975E-04  0.46424961E-03  0.14590369E-03  0.13659846E-04  0.45137316E-03  0.97613519E-05  0.16493503E-03  0.31841402E-03  0.16725294E-01  0.13659846E-04  0.20756895E-03  0.13280975E-04  0.93688531E-05  0.61074037E-05
  0.61074037E-05  0.93688531E-05  0.16550868E-01  0.34736523E-03  0.34795308E-03  0.11555782E-04  0.53286372E-03  0.67926194E-05  0.97613519E-05  0.94134862E+00  0.13659846E-04  0.61074037E-05  0.19790210E-01  0.13280975E-04  0.65724766E-03  0.93688531E-05  0.38633762E-03  0.93688531E-05  0.55518751E-03  0.16550868E-01  0.77691859E-03  0.61074037E-05  0.34795308E-03  0.75536993E-03  0.11555782E-04  0.67926194E-05  0.53286372E-03  0.97613519E-05  0.13659846E-04  0.34736523E-03  0.13280975E-04  0.93688531E-05  0.61074037E-05
  0.14590369E-03  0.22381855E-03  0.31727775E-03  0.20756895E-03  0.32632882E-03  0.23319520E-03  0.31841402E-03  0.18236410E-03  0.59204471E-02  0.45137316E-03  0.39772503E+00  0.61074037E-05  0.46424961E-03  0.31727775E-03  0.33175366E-03  0.93688531E-05  0.25943912E-03  0.22381855E-03  0.84226863E-02  0.13280975E-04  0.56582097E+00  0.14590369E-03  0.13659846E-04  0.45137316E-03  0.97613519E-05  0.76336053E-05  0.31841402E-03  0.24782486E-03  0.16648430E-01  0.20756895E-03  0.13280975E-04  0.93688531E-05  0.61074037E-05
  0.16346257E-01  0.53767978E-03  0.18480663E-04  0.55555118E+00  0.13677364E-04  0.97613675E-05  0.18273825E-01  0.67897937E-05  0.97613519E-05  0.62809206E-03  0.13659846E-04  0.39050622E+00  0.46484501E-03  0.13280975E-04  0.33175419E-03  0.12844977E-01  0.23076096E-03  0.93688531E-05  0.33175366E-03  0.44149642E-03  0.46424961E-03  0.61074037E-05  0.32674733E-03  0.45137316E-03  0.23319557E-03  0.16220574E-03  0.31841402E-03  0.23319520E-03  0.32632882E-03  0.20756895E-03  0.31727775E-03  0.22381855E-03  0.14590369E-03
  0.61074037E-05  0.93688531E-05  0.13280975E-04  0.34736523E-03  0.16648430E-01  0.24782486E-03  0.53286372E-03  0.76336053E-05  0.97613519E-05  0.75536993E-03  0.13659846E-04  0.61074037E-05  0.94689757E+00  0.13280975E-04  0.14095309E-01  0.93688531E-05  0.43416961E-03  0.93688531E-05  0.55518751E-03  0.13280975E-04  0.77691859E-03  0.61074037E-05  0.16648430E-01  0.75536993E-03  0.24782486E-03  0.76336053E-05  0.53286372E-03  0.97613519E-05  0.13659846E-04  0.34736523E-03  0.13280975E-04  0.93688531E-05  0.61074037E-05
  0.14590369E-03  0.22381855E-03  0.31727775E-03  0.20756895E-03  0.32632882E-03  0.23319520E-03  0.31841402E-03  0.16227325E-03  0.27606348E-03  0.45137316E-03  0.83124744E-02  0.61074037E-05  0.46424961E-03  0.39539431E+00  0.33175366E-03  0.93688531E-05  0.23085700E-03  0.22381855E-03  0.39273995E-03  0.13280975E-04  0.11825689E-01  0.14590369E-03  0.13659846E-04  0.56250518E+00  0.97613519E-05  0.67926194E-05  0.31841402E-03  0.11555782E-04  0.34795308E-03  0.20756895E-03  0.16550868E-01  0.93688531E-05  0.61074037E-05
  0.61074037E-05  0.93688531E-05  0.13280975E-04  0.34736523E-03  0.13659846E-04  0.16725294E-01  0.53286372E-03  0.16493503E-03  0.97613519E-05  0.75536993E-03  0.13659846E-04  0.61074037E-05  0.77691859E-03  0.13280975E-04  0.95126927E+00  0.93688531E-05  0.93808591E-02  0.93688531E-05  0.55518751E-03  0.13280975E-04  0.77691859E-03  0.61074037E-05  0.13659846E-04  0.75536993E-03  0.16725294E-01  0.16493503E-03  0.53286372E-03  0.97613519E-05  0.13659846E-04  0.34736523E-03  0.13280975E-04  0.93688531E-05  0.61074037E-05
  0.61074037E-05  0.16448322E-01  0.44472726E-03  0.20756895E-03  0.16930421E-04  0.97691554E-05  0.55902000E+00  0.67897983E-05  0.97613519E-05  0.15114699E-01  0.13659846E-04  0.14590369E-03  0.57540485E-03  0.13280975E-04  0.33201888E-03  0.39294451E+00  0.23076112E-03  0.93688531E-05  0.33175366E-03  0.10624375E-01  0.46424961E-03  0.61074037E-05  0.40446170E-03  0.45137316E-03  0.23338162E-03  0.16220585E-03  0.31841402E-03  0.23319520E-03  0.32632882E-03  0.20756895E-03  0.31727775E-03  0.22381855E-03  0.14590369E-03
  0.61074037E-05  0.93688531E-05  0.13280975E-04  0.34736523E-03  0.13659846E-04  0.97613519E-05  0.53286372E-03  0.16880467E-01  0.97613519E-05  0.75536993E-03  0.13659846E-04  0.61074037E-05  0.77691859E-03  0.13280975E-04  0.55518751E-03  0.93688531E-05  0.96009494E+00  0.93688531E-05  0.55518751E-03  0.13280975E-04  0.77691859E-03  0.61074037E-05  0.13659846E-04  0.75536993E-03  0.97613519E-05  0.16880467E-01  0.53286372E-03  0.97613519E-05  0.13659846E-04  0.34736523E-03  0.13280975E-04  0.93688531E-05  0.61074037E-05
  0.14590369E-03  0.22381855E-03  0.31727775E-03  0.20756895E-03  0.32632882E-03  0.23319520E-03  0.31841402E-03  0.16220585E-03  0.23338162E-03  0.45137316E-03  0.40446170E-03  0.61074037E-05  0.46424961E-03  0.10624375E-01  0.33175366E-03  0.93688531E-05  0.23076112E-03  0.39294451E+00  0.33201888E-03  0.13280975E-04  0.57540485E-03  0.14590369E-03  0.13659846E-04  0.15114699E-01  0.97613519E-05  0.67897983E-05  0.55902000E+00  0.97691554E-05  0.16930421E-04  0.20756895E-03  0.44472726E-03  0.16448322E-01  0.61074037E-05
  0.61074037E-05  0.93688531E-05  0.13280975E-04  0.34736523E-03  0.13659846E-04  0.97613519E-05  0.53286372E-03  0.16493503E-03  0.16725294E-01  0.75536993E-03  0.13659846E-04  0.61074037E-05  0.77691859E-03  0.13280975E-04  0.55518751E-03  0.93688531E-05  0.93808591E-02  0.93688531E-05  0.95126927E+00  0.13280975E-04  0.77691859E-03  0.61074037E-05  0.13659846E-04  0.75536993E-03  0.97613519E-05  0.16493503E-03  0.53286372E-03  0.16725294E-01  0.13659846E-04  0.34736523E-03  0.13280975E-04  0.93688531E-05  0.61074037E-05
  0.61074037E-05  0.93688531E-05  0.16550868E-01  0.20756895E-03  0.34795308E-03  0.11555782E-04  0.31841402E-03  0.67926194E-05  0.97613519E-05  0.56250518E+00  0.13659846E-04  0.14590369E-03  0.11825689E-01  0.13280975E-04  0.39273995E-03  0.22381855E-03  0.23085700E-03  0.93688531E-05  0.33175366E-03  0.39539431E+00  0.46424961E-03  0.61074037E-05  0.83124744E-02  0.45137316E-03  0.27606348E-03  0.16227325E-03  0.31841402E-03  0.23319520E-03  0.32632882E-03  0.20756895E-03  0.31727775E-03  0.22381855E-03  0.14590369E-03
  0.61074037E-05  0.93688531E-05  0.13280975E-04  0.34736523E-03  0.13659846E-04  0.97613519E-05  0.53286372E-03  0.76336053E-05  0.24782486E-03  0.75536993E-03  0.16648430E-01  0.61074037E-05  0.77691859E-03  0.13280975E-04  0.55518751E-03  0.93688531E-05  0.43416961E-03  0.93688531E-05  0.14095309E-01  0.13280975E-04  0.94689757E+00  0.61074037E-05  0.13659846E-04  0.75536993E-03  0.97613519E-05  0.76336053E-05  0.53286372E-03  0.24782486E-03  0.16648430E-01  0.34736523E-03  0.13280975E-04  0.93688531E-05  0.61074037E-05
  0.14590369E-03  0.22381855E-03  0.31727775E-03  0.20756895E-03  0.32632882E-03  0.23319520E-03  0.31841402E-03  0.16220574E-03  0.23319557E-03  0.45137316E-03  0.32674733E-03  0.61074037E-05  0.46424961E-03  0.44149642E-03  0.33175366E-03  0.93688531E-05  0.23076096E-03  0.12844977E-01  0.33175419E-03  0.13280975E-04  0.46484501E-03  0.39050622E+00  0.13659846E-04  0.62809206E-03  0.97613519E-05  0.67897937E-05  0.18273825E-01  0.97613675E-05  0.13677364E-04  0.55555118E+00  0.18480663E-04  0.53767978E-03  0.16346257E-01
  0.61074037E-05  0.93688531E-05  0.13280975E-04  0.20756895E-03  0.16648430E-01  0.24782486E-03  0.31841402E-03  0.76336053E-05  0.97613519E-05  0.45137316E-03  0.13659846E-04  0.14590369E-03  0.56582097E+00  0.13280975E-04  0.84226863E-02  0.22381855E-03  0.25943912E-03  0.93688531E-05  0.33175366E-03  0.31727775E-03  0.46424961E-03  0.61074037E-05  0.39772503E+00  0.45137316E-03  0.59204471E-02  0.18236410E-03  0.31841402E-03  0.23319520E-03  0.32632882E-03  0.20756895E-03  0.31727775E-03  0.22381855E-03  0.14590369E-03
  0.61074037E-05  0.93688531E-05  0.13280975E-04  0.34736523E-03  0.13659846E-04  0.97613519E-05  0.53286372E-03  0.67926194E-05  0.11555782E-04  0.75536993E-03  0.34795308E-03  0.61074037E-05  0.77691859E-03  0.16550868E-01  0.55518751E-03  0.93688531E-05  0.38633762E-03  0.93688531E-05  0.65724766E-03  0.13280975E-04  0.19790210E-01  0.61074037E-05  0.13659846E-04  0.94134862E+00  0.97613519E-05  0.67926194E-05  0.53286372E-03  0.11555782E-04  0.34795308E-03  0.34736523E-03  0.16550868E-01  0.93688531E-05  0.61074037E-05
  0.61074037E-05  0.93688531E-05  0.13280975E-04  0.20756895E-03  0.13659846E-04  0.16725294E-01  0.31841402E-03  0.16493503E-03  0.97613519E-05  0.45137316E-03  0.13659846E-04  0.14590369E-03  0.46424961E-03  0.13280975E-04  0.56843329E+00  0.22381855E-03  0.56055554E-02  0.93688531E-05  0.33175366E-03  0.31727775E-03  0.46424961E-03  0.61074037E-05  0.32632882E-03  0.45137316E-03  0.39956127E+00  0.39402387E-02  0.31841402E-03  0.23319520E-03  0.32632882E-03  0.20756895E-03  0.31727775E-03  0.22381855E-03  0.14590369E-03
  0.61074037E-05  0.93688531E-05  0.13280975E-04  0.20756895E-03  0.13659846E-04  0.97613519E-05  0.31841402E-03  0.16880467E-01  0.97613519E-05  0.45137316E-03  0.13659846E-04  0.14590369E-03  0.46424961E-03  0.13280975E-04  0.33175366E-03  0.22381855E-03  0.57370709E+00  0.93688531E-05  0.33175366E-03  0.31727775E-03  0.46424961E-03  0.61074037E-05  0.32632882E-03  0.45137316E-03  0.23319520E-03  0.40326832E+00  0.31841402E-03  0.23319520E-03  0.32632882E-03  0.20756895E-03  0.31727775E-03  0.22381855E-03  0.14590369E-03
  0.61074037E-05  0.93688531E-05  0.13280975E-04  0.34736523E-03  0.13659846E-04  0.97613519E-05  0.53286372E-03  0.67897983E-05  0.97691554E-05  0.75536993E-03  0.16930421E-04  0.61074037E-05  0.77691859E-03  0.44472726E-03  0.55518751E-03  0.93688531E-05  0.38617717E-03  0.16448322E-01  0.55563134E-03  0.13280975E-04  0.96293612E-03  0.61074037E-05  0.13659846E-04  0.25294347E-01  0.97613519E-05  0.67897983E-05  0.93551619E+00  0.97691554E-05  0.16930421E-04  0.34736523E-03  0.44472726E-03  0.16448322E-01  0.61074037E-05
  0.61074037E-05  0.93688531E-05  0.13280975E-04  0.20756895E-03  0.13659846E-04  0.97613519E-05  0.31841402E-03  0.16493503E-03  0.16725294E-01  0.45137316E-03  0.13659846E-04  0.14590369E-03  0.46424961E-03  0.13280975E-04  0.33175366E-03  0.22381855E-03  0.56055554E-02  0.93688531E-05  0.56843329E+00  0.31727775E-03  0.46424961E-03  0.61074037E-05  0.32632882E-03  0.45137316E-03  0.23319520E-03  0.39402387E-02  0.31841402E-03  0.39956127E+00  0.32632882E-03  0.20756895E-03  0.31727775E-03  0.22381855E-03  0.14590369E-03
  0.61074037E-05  0.93688531E-05  0.13280975E-04  0.20756895E-03  0.13659846E-04  0.97613519E-05  0.31841402E-03  0.76336053E-05  0.24782486E-03  0.45137316E-03  0.16648430E-01  0.14590369E-03  0.46424961E-03  0.13280975E-04  0.33175366E-03  0.22381855E-03  0.25943912E-03  0.93688531E-05  0.84226863E-02  0.31727775E-03  0.56582097E+00  0.61074037E-05  0.32632882E-03  0.45137316E-03  0.23319520E-03  0.18236410E-03  0.31841402E-03  0.59204471E-02  0.39772503E+00  0.20756895E-03  0.31727775E-03  0.22381855E-03  0.14590369E-03
  0.61074037E-05  0.93688531E-05  0.13280975E-04  0.34736523E-03  0.13659846E-04  0.97613519E-05  0.53286372E-03  0.67897937E-05  0.97613675E-05  0.75536993E-03  0.13677364E-04  0.61074037E-05  0.77691859E-03  0.18480663E-04  0.55518751E-03  0.93688531E-05  0.38617690E-03  0.53767978E-03  0.55518840E-03  0.13280975E-04  0.77791498E-03  0.16346257E-01  0.13659846E-04  0.10511078E-02  0.97613519E-05  0.67897937E-05  0.30581123E-01  0.97613675E-05  0.13677364E-04  0.92971114E+00  0.18480663E-04  0.53767978E-03  0.16346257E-01
  0.61074037E-05  0.93688531E-05  0.13280975E-04  0.20756895E-03  0.13659846E-04  0.97613519E-05  0.31841402E-03  0.67926194E-05  0.11555782E-04  0.45137316E-03  0.34795308E-03  0.14590369E-03  0.46424961E-03  0.16550868E-01  0.33175366E-03  0.22381855E-03  0.23085700E-03  0.93688531E-05  0.39273995E-03  0.31727775E-03  0.11825689E-01  0.61074037E-05  0.32632882E-03  0.56250518E+00  0.23319520E-03  0.16227325E-03  0.31841402E-03  0.27606348E-03  0.83124744E-02  0.20756895E-03  0.39539431E+00  0.22381855E-03  0.14590369E-03
  0.61074037E-05  0.93688531E-05  0.13280975E-04  0.20756895E-03  0.13659846E-04  0.97613519E-05  0.31841402E-03  0.67897983E-05  0.97691554E-05  0.45137316E-03  0.16930421E-04  0.14590369E-03  0.46424961E-03  0.44472726E-03  0.33175366E-03  0.22381855E-03  0.23076112E-03  0.16448322E-01  0.33201888E-03  0.31727775E-03  0.57540485E-03  0.61074037E-05  0.32632882E-03  0.15114699E-01  0.23319520E-03  0.16220585E-03  0.55902000E+00  0.23338162E-03  0.40446170E-03  0.20756895E-03  0.10624375E-01  0.39294451E+00  0.14590369E-03
  0.61074037E-05  0.93688531E-05  0.13280975E-04  0.20756895E-03  0.13659846E-04  0.97613519E-05  0.31841402E-03  0.67897937E-05  0.97613675E-05  0.45137316E-03  0.13677364E-04  0.14590369E-03  0.46424961E-03  0.18480663E-04  0.33175366E-03  0.22381855E-03  0.23076096E-03  0.53767978E-03  0.33175419E-03  0.31727775E-03  0.46484501E-03  0.16346257E-01  0.32632882E-03  0.62809206E-03  0.23319520E-03  0.16220574E-03  0.18273825E-01  0.23319557E-03  0.32674733E-03  0.55555118E+00  0.44149642E-03  0.12844977E-01  0.39050622E+00
