0.916949955803037
0.63856746629529
0.463147831415309
0.342416851256879
0.254234947948253
0.18703726424037
0.134468407619999
0.0926251733450977
0.0592962366672519
0.0360395150961535
0.0289815141820209
0.0387629887889421
0.0539136801300299
0.06941063857331
0.0834412793716827
0.0963396651188478
0.108212908442487
0.11890483977133
0.128845693047165
0.137953071616155
0.146394948915711
0.154155956199799
0.161303568662943
0.167962799133028
0.17415436130033
0.180003915385366
0.185466871885915
0.190611639263961
0.19542286576894
0.199964267434152
0.204248040137289
0.208375063531874
0.212202252464013
0.215817427588779
0.2192825596597
0.22259470194429
0.225692933536853
0.22866575718525
0.231547489029327
0.234302936837556
0.236933590759917
0.239453686602517
0.241839609574214
0.244188527686535
0.24641114693298
0.248559955908884
0.250604424007136
0.252606981394993
0.254558523895673
0.256483819653809
0.258300192708674
0.260019414883955
0.26171897953276
0.26337020118549
0.264943979862933
0.26647322873175
0.267961235789298
0.269403058548542
0.27079714222156
0.272181583961258
0.27350009064677
0.274785458437047
0.276031615523335
0.277258388608582
0.278436260942138
0.279632491187608
0.280763507537287
0.281876133883853
0.282956178111943
0.284034428471996
0.285073224506816
0.286075961460087
0.287045759460152
0.288006151423444
0.288948402054438
0.28987305974216
0.290784575035159
0.291672714381074
0.29255295558769
0.293427172618773
0.294263224402527
0.295098308028939
0.295889799616161
0.296682067796335
0.297473056967518
0.298252811017877
0.298999466893863
0.299739639148738
0.300445145292525
0.301155951008485
0.301853495245893
0.302533825218148
0.30320947940634
0.303860649590891
0.304497144716047
0.305154645031331
0.305796206039545
0.306415683439096
0.307018972653713
0.307627443042334
0.308213095114444
0.308810017003711
0.30939994016757
0.309988244939226
0.310553894955934
0.311106149910255
0.311656423345222
0.312218694372265
0.312777576199823
0.313301714516899
0.313829182083654
0.314349197463124
0.314852054911687
0.315368593051374
0.315881417157705
0.316376261709868
0.316860389884707
0.317354213462167
0.31780725176908
0.318279409072153
0.318738945226432
0.31918479357448
0.319634719134593
0.320062783776363
0.320502354094121
0.320946247305439
0.321378041653342
0.321820783622705
0.322250654090858
0.322667987340906
0.323072837107879
0.32345645962688
0.323869601039402
0.324278685632485
0.324692248476391
0.32508381434019
0.325471145280815
0.325864191384712
0.326261215440247
0.326647301632138
0.32703889541846
0.327420840805794
0.32779606254759
0.328167362386124
0.328536390927647
0.328909772772066
0.329262993847974
0.329601493922273
0.329956242290266
0.330299982725325
0.330649219937141
0.331003270558299
0.33134563761786
0.331687036337543
0.332022600726092
0.332356144939254
0.332677911012629
0.333005403365903
0.333330501404074
0.333652858069985
0.333973500604173
0.334284922868111
0.334601523761687
0.33491470446256
0.335225234530722
0.335531894838427
0.335837851913247
0.336157489850602
0.336456734948121
0.336745883089948
0.337019637287897
0.337305288504956
0.337572710594737
0.337860281684567
0.33814559338213
0.338426012085289
0.338706888554348
0.338986179107943
0.339264392782687
0.339539537973278
0.339806275330856
0.340071034117049
0.340340213830068
0.340611837499258
0.340857907213009
0.341112883508306
0.341372107026111
0.341630380917327
0.341890682602102
0.342139089184836
0.342395014264312
0.342646678714363
0.34290241398189
0.343147140849437
0.343394748665332
0.343633557493353
0.343876805102633
0.344116802643803
0.344357581191751
0.344596710864186
0.344836878724244
0.345068292325618
0.345307791161348
0.34553505743805
0.345766035914858
0.34599735525026
0.346204343387742
0.346426823595121
0.346641966660064
0.346855616476739
0.347073735234561
0.347291213055132
0.347517023499262
0.347720949404765
0.347934005404876
0.348145616487803
0.348358890625714
0.348570800849619
0.348784934240927
0.348991756459447
0.349194081877076
0.349400450452055
0.349602327559002
0.349796650673782
0.349989119873199
0.350186158033195
0.350375208753249
0.350570545032059
0.350751294451931
0.350956937792693
0.351151671073832
0.35133199238234
0.35151785066576
0.351708961522292
0.351895635293059
0.352068046970854
0.352242702609719
0.352429181295596
0.352608140541144
0.352786041853275
0.352965737921517
0.353137967842676
0.353315421209037
0.353495260561281
0.353670506858528
0.353847500679221
0.354010000845787
0.354182016980501
0.354352173389542
0.354528993483408
0.354702634145228
0.354883931983031
0.355054381043748
0.355213838502688
0.355386076530734
0.35554986838909
0.355720336461554
0.355879784505659
0.356031398511306
0.356185111781004
0.356344063885647
0.356508985737142
0.356666055427547
0.356832418428312
0.356983626426417
0.357131731222906
0.357285138367234
0.357435488063874
0.357583108042141
0.357734602339513
0.357884472732687
0.358031351068461
0.358185619329645
0.358326792302398
0.358473242735277
0.35861885583995
0.358763638617576
0.358911641464759
0.359054782682393
0.359201209084461
0.359340066686659
0.35948007323056
0.359620015117758
0.359759173662784
0.359901751515559
0.360042907926761
0.360179751820536
0.360314115706105
0.360449450412209
0.360588391173068
0.360722238834572
0.36085100421861
0.360983391976132
0.361115057787615
0.361240731800537
0.361360742890377
0.361486050791442
0.36160898664477
0.361737137560585
0.361864600372651
0.361985511523054
0.362111616469369
0.362237049488107
0.362373572982614
0.362501196807427
0.362634834761574
0.362757623801522
0.362879766880258
0.36299535368907
0.363111279536647
0.363230864897824
0.363346267209684
0.363465260060923
0.363583636353242
0.363705607209205
0.363816892472164
0.363943574355559
0.364058898007492
0.364174889586784
0.364295556058656
0.364409742023033
0.364523348080547
0.364624632082001
0.364735572525072
0.364847469039306
0.364954503214107
0.365071099416729
0.365179799413331
0.365289470391214
0.365398595317234
0.365506550121303
0.365614595252416
0.365722106376909
0.365828481050112
0.365929161435474
0.36604086888436
0.366146283177332
0.366251182789158
0.366359908369826
0.36645802227509
0.366561400644642
0.366673106424365
0.366774902524763
0.366869957271863
0.366970837340031
0.367071751964129
0.367171208351446
0.367271162465711
0.367364951133686
0.367453414894919
0.367551957766848
0.367648840065518
0.367756124819044
0.367852866319879
0.367943946517485
0.368040608641202
0.368126346514193
0.36823070656107
0.368325205156007
0.368419677082884
0.368513712418619
0.368611891263973
0.368704144344161
0.368796887086837
0.368877819440484
0.368964268933241
0.369044946091803
0.369136776554602
0.369232054472621
0.369321220305196
0.369415783758929
0.369510246254636
0.369608882173515
0.369697508372364
0.369791145009357
0.369873573959326
0.36996642304842
0.370053477956381
0.370145023723046
0.370226432579503
0.370306938114479
0.370387318653347
0.370472471964292
0.37056207027189
0.370646478466302
0.370729927921097
0.370813602043088
0.370896648953016
0.370979355780982
0.371061946716151
0.371144181271079
0.371226061771982
0.371307368834754
0.371388548174903
0.371469601913873
0.371539418135847
0.371619564868199
0.371699371080088
0.371778838962012
0.371863528529496
0.371937524709289
0.372015990399558
0.37209892467998
0.372176533791252
0.3722540155498
0.372331173806155
0.372412910481786
0.372489164246095
0.372565363259386
0.372635972833422
0.372706648119718
0.372777066579119
0.372852018764649
0.372926663341212
0.373005841603378
0.373069799897057
0.373138328130292
0.373211521982426
0.373284659005397
0.373356941483392
0.373429233160094
0.373501486687367
0.373578386479227
0.373650058940329
0.373721443997415
0.37379753031091
0.373868344846361
0.373938877184637
0.374009349120796
0.374084454207204
0.374148946973665
0.374223348657727
0.374292494381399
0.374356239662282
0.374419865073907
0.374488201024505
0.374550975315532
0.374628783386992
0.374701401060614
0.374768675401981
0.374835688692262
0.374902641358303
0.374974265658341
0.375040504028009
0.37510648742614
0.375172217341813
0.375232440844517
0.375297669129078
0.375362648324911
0.375427201908897
0.375491687275588
0.375571377086925
0.375635371644083
0.375699124226777
0.375762492693106
0.37582576550349
0.375888800470406
0.375961768031399
0.376024329676532
0.376086657521415
0.376148752890849
0.376221206059412
0.376288074183969
0.376349477393292
0.376416075608039
0.376487627741285
0.376548350382764
0.376614007564228
0.376674283706577
0.376729182522779
0.376789018763916
0.376854156776648
0.376908432565207
0.376962098126674
0.377021068261654
0.377074359781057
0.377132788928648
0.377186032371616
0.377244156145644
0.377302070801968
0.377359777479457
0.377417277308559
0.37746951555144
0.377521485911889
0.37757829911665
0.377629579459309
0.377680712067839
0.37774234840187
0.377798433575766
0.377843980382479
0.377904661843059
0.377960156645028
0.378015456487232
0.378070562404863
0.378120181650589
0.378169917205952
0.378224448968497
0.378284082422876
0.378333280555232
0.378387245667155
0.378441023889589
0.378499956677521
0.378553309646925
0.378606532292918
0.378659571919238
0.378717785636203
0.378765542853588
0.378818039031227
0.378870355947781
0.378922494526312
0.378979371438915
0.379036100435606
0.379093143970925
0.379145119562736
0.379196377931001
0.379242538420896
0.379288570773906
0.379339314305071
0.379395422667325
0.379445825697528
0.379496060132451
0.379551711482317
0.37959117875269
0.379640913105772
0.379690482221246
0.379739886924732
0.379789128036201
0.379838206370019
0.379892702383654
0.379947087459715
0.37999568085795
0.38004411468598
0.380081949616964
0.38013006798186
0.380173248511069
0.380221053788843
0.380274329119246
0.380327499717818
0.380374838782888
0.380417276779384
0.380464310332538
0.380511191947793
0.380557922360935
0.380604502302858
0.380650932499601
0.380697213672397
0.380743346537702
0.380789331807246
0.380835170188062
0.380880862382532
0.380926409088424
0.380971810998926
0.381022786691983
0.381067900396222
0.381112871359858
0.381157700258137
0.381202387761912
0.381246934537683
0.381297106582643
0.381341373215398
0.381385501096119
0.381429498596142
0.381473350915982
0.381517066419538
0.381554884390879
0.381598328824637
0.381647398381927
0.38169060097308
0.381733641865641
0.381776549703263
0.381819325098936
0.381867776863233
0.381910288551925
0.381952669616576
0.381989114386578
0.382031236632427
0.382072203551167
0.382114117083785
0.382155854658468
0.382197465136567
0.382233249397059
0.382274676554129
0.382315998587301
0.382357106994054
0.382398091144198
0.382433306285355
0.382478796041991
0.382519410850452
0.382559903612826
0.382606026709905
0.3826462764044
0.382686405677414
0.382716947170307
0.38275683818662
0.382796610371344
0.382836264249047
0.382871112823746
0.382905874737914
0.382945177769219
0.382990053075447
0.383024497287474
0.383063453004113
0.383097698301974
0.383136425531656
0.383175039030766
0.383225063339608
0.383270613468707
0.383308886861073
0.383347048486205
0.383385098826189
0.383428976730612
0.383466805349303
0.383504524113827
0.383542133494941
0.383579912007896
0.383608273118605
0.383645557996987
0.3836827353448
0.383719805619133
0.383756769274403
0.38379362676237
0.383836361818121
0.383879041578481
0.383915582105107
0.383951869266265
0.383982169361805
0.384018398636562
0.384054673778064
0.384090697318111
0.384126618642176
0.384162438176534
0.384198156345011
0.384233942614774
0.384269459297661
0.384304875871706
0.384340192751135
0.384375410347814
0.384410529071271
0.384445738442762
0.384486684919306
0.384521508894399
0.384562309847398
0.384601428234361
0.384635960683598
0.384670397066665
0.384704737774953
0.384738983197662
0.384773133721816
0.384807189732281
0.384835081778608
0.384868950441861
0.384908794498098
0.384942476259783
0.384971580695075
0.385005077976708
0.385038483378366
0.385071797268187
0.385105020012279
0.385138151974744
0.385171193517683
0.385204145001217
0.385230943187564
0.385263716140588
0.385296400101323
0.385328995422104
0.385361711231391
0.385389679971591
0.385422011823255
0.385454256424277
0.385486414117562
0.385518485244161
0.385550470143296
0.38558236915236
0.385614182606942
0.385645910840829
0.385677554186027
0.385709112972766
0.385746871777287
0.385773845496703
0.385799097753982
0.385830570615497
0.385867765503997
0.385905196391167
0.385936171687539
0.385971479218681
0.386002290523374
0.386033020479946
0.386063669399903
0.386088425228923
0.386118913462585
0.386149321583115
0.38617964989556
0.386215997831718
0.38624616696038
0.386276257187922
0.386306268813091
0.38633620213309
0.386366057443582
0.386395835038709
0.386425535211092
0.386455466721867
0.386485012897039
0.386514482518408
0.386543875872634
0.38657319324491
0.386602434918974
0.386631601177115
0.386660692300187
0.386689708567614
0.386712559056762
0.386741426900174
0.38677054897547
0.386799269014168
0.386827915572096
0.386856488920313
0.386884989328511
0.386913417065028
0.386941772396857
0.386970055589653
0.386998266907742
0.38702640661413
0.387054823013902
0.387082820255497
0.38711111468203
0.387138970494057
0.387166755990048
0.387194471425266
0.387222117053711
0.38724969312813
0.387277199900024
0.387304637619658
0.387332006536064
0.387359306897055
0.387392619552491
0.387419783114895
0.387453009255001
0.387480424664718
0.387507385047132
0.387534278338073
0.387561104777004
0.38759404348918
0.387620736512334
0.387653592047887
0.38768015260026
0.387706647482879
0.387726849553378
0.387753214216566
0.387779513903332
0.387801355509975
0.387829388291841
0.387855494590895
0.387881536823581
0.387907515214811
0.387939704723128
0.387965555683809
0.387991343472458
0.388017068309739
0.388042730415273
0.388075060266408
0.388101024111639
0.388126498859563
0.388151911745106
0.388177262982758
0.388202552785998
0.388223451394997
0.388248619246543
0.388267406327725
0.388292453195122
0.388317439678873
0.388342365986552
0.388367232324763
0.388392038899155
0.388423103453589
0.388448237275319
0.38847286535382
0.388493136787842
0.388517200955569
0.388541653085594
0.388566046865265
0.388590382492755
0.38861466016533
0.388638880079353
0.38865672879128
0.388680834165252
0.388704882363412
0.388728873578564
0.388752381727203
0.388776259577431
0.388795815917557
0.388820007599755
0.388843717021452
0.388867370598082
0.388890968516415
0.388914510962385
0.388937998121083
0.388961430176773
0.388985253259737
0.389014883560753
0.389033917741973
0.38905759684777
0.389080755945833
0.389103861029688
0.389133268808663
0.38915626602337
0.389175007254396
0.389197897932546
0.389220735481743
0.389243520076631
0.389266251891077
0.389288931098185
0.38931796188273
0.389340536020105
0.389363058065786
0.389385528189846
0.389407946561612
0.389436765890303
0.389465583434114
0.38949439935171
0.389516611280394
0.389538772295052
0.389560882560614
0.389582942241294
0.389604951500591
0.389626910501297
0.3896488194055
0.389671163318602
0.389692972486115
0.389714247149454
0.389735957274543
0.389757618103124
0.389785827865325
0.389806925318622
0.389828438864145
0.389843306753955
0.389864723481111
0.389886091849238
0.389914007915371
0.38993527966674
0.389956503519747
0.389977679626362
0.389998808137906
0.390019889205062
0.390040922977872
0.390061909605747
0.390082849237464
0.390103742021173
0.3901245881044
0.390145387634052
0.390166140756415
0.390186847617163
0.39020750836136
0.39022812313346
0.390248692077314
0.390269215336174
0.390293883553991
0.390314315650857
0.390334702489413
0.390361682911485
0.390381979310308
0.390402230872497
0.390422437737181
0.390442600042911
0.39046271792767
0.390482791528865
0.390502820983342
0.390522806427379
0.390542747996698
0.390562645826458
0.390582500051269
0.390598123612822
0.390611256894728
0.39063098165323
0.390646505775052
0.390662016438769
0.390681612788195
0.390707799277272
0.390723211527485
0.390743143877557
0.390769252223326
0.390784567194918
0.390803909129308
0.390823209157956
0.390842467408006
0.39086168400609
0.390881342520948
0.390896437631114
0.390915530201637
0.39093813639361
0.390957146613583
0.39097611593076
0.390986998389104
0.391005886658219
0.39102473439154
0.391036864311326
0.391055631657978
0.391074358831619
0.391093045952453
0.39111169314021
0.391136976318414
0.391151565921901
0.391170093896283
0.391188582412062
0.391207031586618
0.391225441536864
0.391243812379255
0.391262144229787
0.391280437204002
0.391298691416984
0.391317389887285
0.391335566898832
0.391349758805759
0.391367859275889
0.391385921553142
0.391403945749934
0.391421931978239
0.391435963584421
0.391453874389146
0.391471747558312
0.391489583202166
0.391500711942341
0.391518473167157
0.391536197194184
0.391553884131974
0.391575449497781
0.391593062404973
0.39161458260332
0.39163212190936
0.391649624663447
0.39166709097165
0.391684520939628
0.391701914672638
0.391719272275534
0.391729978452622
0.39174726440015
0.391764514529097
0.391781728942727
0.391798907743911
0.391822664982056
0.391839772576632
0.391856844865658
0.39187388195045
0.391890883931941
0.391907850910681
0.391920842051656
0.391931127489921
0.391947990513931
0.391964818932644
0.39198161284473
0.391998372348492
0.392015097541863
0.392031788522406
0.392048445387323
0.392071677979646
0.392084356335743
0.392100911319381
0.392117432572812
0.392133920191429
0.392146493600844
0.3921629143971
0.392179301842265
0.39220281527723
0.392219136003914
0.392235423661051
0.392251678341585
0.392267900138116
0.392284089142902
0.392300245447858
0.392316369144565
0.392339165780918
0.392355224260064
0.392371250404252
0.392387244303719
0.392403206048371
0.392419135727783
0.392435033431204
0.392450397988223
0.392466232026324
0.392482034354182
0.392497805059749
0.392513544230656
0.392529251954213
0.392544928317415
0.39256057340694
0.392576187309152
0.3925917701101
0.392607321895523
0.392622842750848
0.392638332761196
0.392653792011378
0.392675970356558
0.392691368074951
0.392699986044459
0.39270477786741
0.392720084989283
0.392735361852636
0.392750608540169
0.392766325991062
0.392781512554507
0.392796669188501
0.392811795974565
0.39282307690652
